0
1797451
627819
292515
173067
114503
82792
63788
50225
41517
35693
27737
21733
17069
14606
11334
9383
7956
6355
5573
4761
4070
3468
2967
2622
2466
2010
1785
1606
1448
1287
1155
1023
903
813
701
703
635
554
537
476
417
362
386
393
311
317
285
253
272
200
203
188
162
176
172
155
161
128
119
87
99
91
89
85
81
55
74
68
65
62
56
46
63
37
54
47
33
27
42
38
39
22
29
22
33
25
16
17
20
16
16
14
31
18
25
15
12
14
18
11
17
10
8
12
9
8
5
22
17
9
7
13
0
15
7
1
6
2
0
14
7
8
4
7
11
7
2
5
3
10
6
6
0
0
2
2
4
0
5
1
5
2
2
2
0
2
4
0
1
4
1
4
6
0
0
0
2
1
1
4
0
2
4
0
2
3
3
2
2
0
2
1
0
0
2
0
2
0
2
0
0
0
0
2
2
0
0
0
0
2
0
1
0
0
0
4
0
0
0
0
0
0
0
0
0
0
0
0
0
0
0
0
0
0
0
0
0
0
0
0
0
0
0
2
0
0
0
0
0
0
0
0
0
0
0
0
0
0
0
0
0
0
2
0
0
0
0
0
0
0
0
0
0
0
1
0
0
0
0
0
0
0
0
0
0
0
0
0
0
1
0
0
0
0
0
0
0
2
0
0
0
0
0
0
0
0
0
0
0
0
0
0
0
0
0
0
0
0
0
0
0
0
0
0
0
0
0
0
0
0
2
0
0
0
0
0
0
0
0
0
0
0
0
0
2
0
0
0
0
0
0
0
2
0
0
0
0
0
0
0
0
0
0
0
0
0
0
0
0
0
0
0
0
0
0
0
0
0
0
0
0
0
0
0
0
0
0
0
0
0
0
0
0
0
0
0
0
0
0
0
0
0
0
0
0
0
0
0
0
0
0
0
0
0
0
0
0
0
0
0
0
0
0
0
0
0
0
0
0
0
0
0
0
0
0
0
0
0
0
0
0
0
0
0
2
