32, 54, 0.000
31, 6, 1.139
40, 22, 0.387
21, 28, 0.557
4, 36, 1.130
43, 3, 1.185
7, 25, 0.944
46, 12, 0.267
29, 44, 0.600
68, 25, 0.000
33, 41, 0.357
16, 47, 0.000
36, 34, 1.375
1, 64, 1.667
58, 19, 0.000
44, 34, 0.000
9, 0, 3.725
48, 37, 0.000
34, 8, 0.868
15, 30, 0.794
37, 13, 0.714
24, 14, 0.731
13, 20, 0.839
52, 17, 0.000
0, 55, 7.000
3, 2, 1.931
25, 49, 0.800
28, 10, 0.751
50, 27, 1.000
31, 15, 0.604
1, 40, 1.250
40, 29, 0.462
21, 37, 0.791
4, 35, 1.423
8, 38, 0.943
7, 22, 1.012
65, 11, 1.000
46, 23, 0.250
29, 37, 0.448
33, 34, 0.828
16, 38, 0.578
36, 41, 0.100
41, 34, 1.600
22, 12, 0.685
44, 25, 0.111
9, 9, 1.087
12, 50, 1.167
34, 3, 1.175
59, 9, 0.000
24, 21, 0.553
24, 66, 1.500
49, 51, 0.000
13, 13, 0.906
52, 24, 0.000
0, 14, 3.765
38, 31, 1.231
3, 11, 1.570
28, 1, 1.894
50, 18, 0.500
53, 7, 0.667
1, 33, 2.198
40, 4, 0.942
21, 46, 0.667
4, 42, 0.846
8, 45, 0.421
7, 15, 1.135
65, 12, 1.500
46, 30, 0.000
68, 15, 0.000
33, 59, 0.000
16, 29, 0.749
2, 64, 1.000
41, 43, 0.000
22, 7, 1.007
5, 53, 0.667
44, 16, 0.762
9, 50, 0.500
47, 5, 0.167
12, 41, 0.567
34, 26, 0.737
17, 50, 0.250
59, 14, 6.000
24, 28, 0.539
62, 9, 0.000
10, 19, 0.900
13, 6, 1.232
0, 5, 3.463
38, 22, 0.568
25, 3, 1.482
8, 69, 0.000
28, 24, 0.523
50, 13, 0.500
53, 0, 8.000
1, 58, 5.000
40, 11, 0.563
21, 55, 0.000
4, 17, 1.370
26, 34, 0.746
7, 4, 1.524
65, 5, 2.500
11, 65, 1.000
16, 20, 0.789
19, 1, 1.898
17, 64, 4.000
41, 44, 0.000
22, 30, 0.414
5, 62, 0.250
44, 15, 0.357
27, 65, 0.000
47, 2, 1.200
12, 32, 0.781
34, 21, 0.659
17, 43, 0.417
59, 7, 0.000
10, 26, 0.768
13, 63, 4.000
0, 28, 3.247
38, 9, 0.928
17, 27, 0.738
25, 4, 1.376
63, 19, 0.250
28, 23, 0.576
50, 4, 0.000
14, 38, 0.593
53, 9, 0.000
21, 48, 0.000
4, 24, 1.271
26, 45, 0.000
65, 30, 3.000
46, 40, 0.000
29, 48, 0.000
16, 11, 0.891
19, 6, 1.153
41, 21, 0.250
22, 17, 0.656
5, 39, 1.012
44, 6, 0.550
9, 60, 0.000
47, 11, 0.143
34, 44, 0.000
17, 44, 0.000
56, 1, 0.000
37, 33, 0.588
59, 28, 0.000
45, 33, 0.000
10, 5, 1.392
35, 23, 0.486
0, 19, 3.590
38, 0, 3.202
25, 13, 0.744
14, 41, 0.588
53, 18, 0.250
1, 52, 0.000
4, 7, 1.519
46, 51, 0.000
29, 9, 0.876
16, 2, 1.750
19, 15, 0.769
2, 45, 0.667
41, 30, 0.500
22, 40, 0.314
5, 32, 1.078
9, 37, 0.725
66, 14, 0.200
47, 16, 0.000
69, 3, 0.000
34, 39, 0.000
17, 37, 0.713
56, 8, 0.000
37, 42, 0.000
42, 39, 0.286
23, 11, 0.731
6, 65, 0.400
45, 26, 0.000
10, 12, 1.024
13, 49, 0.000
35, 28, 1.111
60, 12, 0.667
25, 22, 0.509
63, 1, 1.333
14, 48, 0.167
1, 13, 1.978
39, 24, 0.690
4, 14, 1.530
29, 2, 1.862
19, 20, 0.731
2, 36, 1.636
41, 7, 1.273
22, 35, 0.698
5, 41, 1.074
9, 46, 0.500
66, 9, 0.889
47, 25, 0.833
30, 35, 1.000
69, 12, 0.000
17, 30, 0.726
23, 0, 3.570
62, 37, 0.000
45, 19, 0.600
10, 55, 2.000
32, 8, 0.912
13, 42, 0.357
35, 5, 1.192
25, 31, 0.603
63, 14, 1.333
11, 28, 0.721
14, 59, 6.000
1, 6, 1.983
39, 17, 0.446
26, 6, 0.929
29, 27, 0.497
51, 50, 0.000
39, 26, 0.160
19, 29, 0.497
2, 63, 3.000
41, 8, 0.603
5, 18, 1.207
27, 45, 0.500
66, 0, 0.000
30, 42, 0.111
17, 23, 0.659
20, 4, 1.292
23, 25, 0.497
6, 51, 0.000
45, 12, 0.650
32, 15, 0.968
13, 35, 0.624
35, 10, 0.616
18, 46, 0.417
38, 53, 0.000
60, 2, 0.333
11, 21, 0.835
14, 2, 1.803
18, 65, 0.000
1, 31, 1.820
39, 14, 0.900
22, 66, 0.200
26, 1, 1.956
48, 30, 1.333
29, 20, 0.793
15, 33, 0.487
19, 34, 0.701
2, 54, 0.000
5, 27, 1.096
27, 34, 0.339
47, 47, 0.000
30, 45, 1.000
34, 48, 0.000
17, 8, 1.054
0, 64, 2.333
20, 3, 1.468
42, 16, 0.633
23, 22, 0.511
6, 42, 1.100
45, 5, 1.000
10, 57, 1.000
32, 6, 1.059
35, 51, 0.000
18, 41, 0.480
38, 44, 0.750
11, 10, 0.999
50, 35, 0.000
14, 5, 1.348
36, 18, 0.695
1, 16, 1.948
39, 7, 0.762
26, 8, 0.852
48, 21, 0.000
51, 0, 2.500
15, 46, 0.462
19, 43, 1.000
2, 49, 1.400
5, 4, 1.617
9, 65, 0.375
66, 18, 0.000
47, 52, 0.000
30, 20, 0.776
17, 1, 2.058
20, 10, 0.900
3, 50, 0.600
42, 27, 0.091
23, 47, 0.700
6, 45, 0.850
10, 32, 0.686
67, 17, 0.667
32, 29, 0.582
18, 32, 0.748
57, 11, 4.000
38, 39, 0.600
17, 28, 0.749
60, 16, 2.000
43, 40, 0.000
8, 22, 0.941
11, 3, 1.577
14, 12, 0.969
36, 25, 0.558
61, 15, 3.333
26, 19, 0.498
48, 12, 0.588
51, 9, 0.250
15, 55, 0.000
54, 22, 0.000
19, 48, 0.444
2, 8, 1.854
24, 37, 0.610
5, 13, 1.346
27, 48, 0.000
30, 31, 0.464
52, 40, 3.000
55, 13, 0.000
20, 17, 0.726
3, 59, 2.500
42, 2, 1.667
23, 36, 0.562
6, 36, 0.720
10, 43, 0.132
67, 22, 1.000
32, 20, 0.679
31, 36, 0.094
35, 33, 1.306
18, 27, 0.692
57, 12, 0.000
40, 52, 3.000
43, 33, 0.000
8, 29, 0.863
7, 63, 1.000
11, 56, 0.000
33, 11, 0.664
14, 23, 0.674
36, 0, 2.755
39, 53, 0.000
61, 8, 0.000
26, 26, 0.450
48, 3, 1.000
12, 25, 0.632
51, 14, 1.000
15, 60, 0.000
2, 3, 1.953
24, 44, 0.091
27, 9, 0.888
10, 67, 0.250
47, 58, 0.000
30, 6, 1.106
55, 10, 2.000
20, 24, 0.737
3, 32, 1.529
42, 13, 0.262
13, 67, 0.400
6, 31, 1.134
28, 40, 0.533
67, 31, 0.000
32, 43, 0.111
31, 45, 0.000
35, 38, 0.071
18, 18, 0.838
21, 7, 1.000
4, 65, 1.667
43, 38, 0.833
8, 4, 1.544
7, 52, 1.000
11, 49, 0.200
33, 12, 0.803
14, 30, 0.749
36, 15, 0.771
61, 1, 0.500
7, 69, 0.000
12, 16, 0.953
51, 23, 0.500
15, 5, 1.317
2, 26, 1.773
24, 51, 0.000
27, 14, 0.618
30, 9, 0.881
0, 44, 2.368
55, 3, 0.000
20, 39, 0.322
3, 41, 0.976
6, 22, 1.045
64, 9, 3.500
28, 39, 0.226
67, 4, 0.000
32, 34, 0.613
31, 42, 0.400
35, 47, 0.000
18, 13, 0.887
57, 30, 0.000
40, 34, 0.500
21, 0, 3.609
43, 31, 0.429
8, 11, 1.173
7, 45, 0.706
11, 54, 0.000
33, 5, 1.144
58, 7, 3.000
39, 43, 0.000
44, 54, 0.000
7, 66, 0.600
12, 15, 0.945
15, 2, 1.709
37, 17, 0.667
2, 21, 1.622
27, 7, 0.930
49, 22, 1.333
52, 5, 0.250
0, 35, 2.652
55, 24, 0.000
20, 46, 0.125
3, 46, 0.667
23, 51, 0.333
6, 9, 1.234
64, 0, 2.500
67, 13, 0.400
31, 19, 0.542
18, 4, 1.380
40, 41, 0.000
21, 9, 0.826
43, 20, 0.522
8, 50, 1.333
7, 42, 0.429
46, 3, 0.714
11, 47, 0.143
68, 20, 0.000
33, 30, 0.688
16, 50, 0.167
39, 32, 1.167
61, 19, 0.000
44, 45, 0.000
9, 21, 0.839
48, 40, 0.000
12, 6, 1.260
16, 65, 0.000
15, 11, 0.930
37, 26, 0.354
24, 1, 1.929
62, 18, 1.000
27, 28, 0.631
49, 15, 1.333
52, 12, 0.333
0, 58, 0.000
3, 23, 1.367
25, 38, 0.788
6, 0, 3.573
64, 7, 0.200
32, 48, 0.500
31, 24, 0.451
53, 43, 0.000
40, 16, 0.489
21, 18, 0.709
43, 13, 0.286
8, 57, 0.000
7, 35, 1.021
46, 10, 0.188
11, 36, 0.982
68, 19, 0.000
33, 23, 0.609
16, 41, 0.968
36, 36, 0.211
37, 20, 0.528
58, 9, 0.000
44, 36, 0.000
9, 30, 0.872
12, 61, 0.000
34, 14, 0.734
15, 16, 0.916
37, 3, 1.846
24, 8, 0.806
62, 21, 2.000
27, 21, 0.508
49, 0, 0.000
13, 26, 0.671
52, 11, 0.500
0, 49, 0.000
20, 60, 0.000
3, 28, 1.316
25, 47, 0.667
28, 12, 0.638
32, 55, 0.000
31, 1, 1.840
53, 52, 0.000
40, 23, 0.182
21, 27, 0.502
4, 37, 1.326
43, 2, 1.192
8, 32, 0.868
7, 24, 0.878
46, 13, 0.750
29, 43, 0.125
68, 26, 0.000
33, 40, 0.800
16, 32, 0.812
36, 35, 0.375
58, 16, 0.000
22, 10, 0.868
44, 35, 0.000
9, 7, 1.306
12, 52, 0.250
34, 9, 0.929
15, 25, 0.584
37, 12, 0.634
24, 15, 0.657
42, 23, 1.235
13, 19, 0.861
52, 18, 0.000
0, 8, 3.674
3, 5, 1.737
25, 48, 0.000
64, 21, 0.000
28, 11, 0.723
50, 24, 0.400
31, 14, 0.646
1, 47, 1.500
40, 30, 0.158
21, 36, 0.402
4, 44, 1.133
8, 39, 0.949
7, 17, 1.065
65, 10, 1.000
46, 20, 0.100
29, 36, 0.588
33, 33, 0.452
16, 39, 1.000
36, 42, 0.333
41, 33, 0.750
22, 13, 0.738
44, 26, 0.000
9, 8, 1.216
12, 51, 0.500
34, 0, 2.815
37, 53, 0.000
59, 8, 0.000
24, 22, 0.579
62, 7, 0.000
13, 12, 0.972
52, 25, 0.500
0, 15, 3.754
38, 28, 0.865
3, 10, 1.575
28, 2, 1.697
50, 19, 0.333
53, 6, 0.000
1, 32, 1.771
40, 5, 0.775
21, 45, 1.167
4, 43, 0.828
8, 46, 1.357
7, 14, 1.157
65, 3, 1.333
46, 31, 0.000
68, 8, 0.250
16, 30, 0.829
2, 65, 0.000
17, 65, 0.000
22, 4, 1.167
5, 52, 0.250
44, 17, 0.000
9, 49, 1.250
47, 4, 1.308
12, 42, 0.769
34, 27, 0.308
17, 49, 0.000
37, 62, 0.000
59, 1, 9.000
24, 29, 0.464
62, 14, 3.500
45, 46, 0.000
10, 16, 0.943
13, 5, 1.326
0, 6, 3.538
38, 23, 0.516
25, 2, 1.687
63, 21, 0.000
28, 25, 0.674
50, 10, 0.636
53, 15, 0.500
40, 12, 0.723
21, 54, 0.000
4, 18, 1.391
26, 35, 0.615
7, 7, 1.346
65, 4, 1.667
46, 38, 0.000
11, 64, 2.000
16, 21, 0.743
19, 0, 3.579
41, 19, 1.081
22, 31, 0.756
5, 61, 2.500
44, 8, 0.286
9, 58, 0.000
47, 13, 1.211
12, 33, 0.783
34, 18, 0.772
17, 42, 0.700
37, 39, 0.375
59, 6, 0.000
42, 50, 0.000
45, 39, 0.000
10, 27, 0.808
35, 17, 0.684
0, 29, 3.402
38, 14, 0.722
25, 11, 0.695
63, 18, 3.000
28, 16, 0.733
50, 5, 0.600
14, 39, 0.935
53, 8, 0.500
1, 50, 0.500
21, 63, 0.000
4, 25, 1.338
26, 42, 0.292
46, 41, 0.000
29, 15, 0.653
16, 12, 0.917
19, 9, 0.880
41, 20, 0.366
22, 22, 0.625
5, 38, 0.759
44, 7, 1.032
9, 35, 0.685
47, 10, 0.533
30, 54, 0.000
69, 25, 0.000
34, 45, 0.000
17, 35, 0.689
37, 32, 0.176
23, 13, 0.738
45, 32, 0.000
10, 2, 1.863
30, 65, 3.000
13, 55, 0.000
35, 22, 0.725
0, 20, 3.711
38, 1, 1.812
25, 12, 0.626
9, 59, 0.000
14, 46, 0.429
53, 17, 0.000
1, 11, 2.011
4, 0, 3.445
26, 53, 0.000
65, 22, 0.500
29, 8, 0.924
12, 64, 0.000
51, 39, 0.000
16, 3, 1.519
19, 14, 0.832
2, 42, 1.607
41, 29, 0.100
22, 41, 0.519
5, 47, 0.125
9, 36, 0.880
66, 15, 0.750
47, 19, 0.000
34, 36, 1.375
17, 36, 0.715
56, 9, 0.000
37, 41, 0.000
42, 36, 0.167
23, 10, 0.777
45, 25, 0.000
10, 13, 1.021
13, 48, 0.333
35, 31, 0.765
60, 13, 2.000
25, 21, 0.601
63, 0, 2.429
14, 49, 0.200
53, 26, 0.000
1, 12, 2.053
39, 27, 0.429
4, 15, 1.420
29, 1, 1.740
21, 65, 0.000
54, 11, 0.000
19, 23, 0.680
2, 37, 1.430
41, 6, 0.693
22, 32, 0.714
5, 40, 0.885
9, 45, 0.700
66, 6, 2.500
47, 24, 0.500
30, 32, 0.643
69, 11, 0.000
17, 29, 0.598
42, 47, 0.000
23, 3, 1.347
45, 18, 0.455
10, 52, 0.000
32, 9, 0.932
31, 67, 0.000
35, 4, 1.386
18, 52, 0.000
38, 51, 0.000
60, 4, 0.000
25, 30, 0.516
11, 31, 0.775
1, 5, 2.013
39, 16, 1.013
26, 7, 0.934
48, 24, 0.833
29, 26, 0.469
54, 2, 0.000
19, 28, 0.568
2, 60, 0.333
41, 15, 0.627
5, 17, 1.344
27, 44, 1.182
66, 1, 0.000
47, 33, 5.000
30, 43, 0.200
34, 54, 0.000
17, 22, 0.664
20, 5, 1.185
42, 22, 0.520
23, 24, 0.477
6, 48, 0.167
45, 11, 0.294
10, 63, 0.000
32, 0, 2.886
13, 34, 0.780
35, 13, 0.618
18, 47, 0.250
38, 42, 0.000
60, 3, 0.000
11, 20, 0.781
50, 41, 0.000
14, 3, 1.647
36, 20, 0.350
1, 30, 1.970
39, 9, 0.582
22, 67, 1.000
26, 14, 0.789
48, 31, 0.000
29, 19, 0.473
15, 32, 1.007
54, 5, 0.000
19, 37, 0.582
2, 55, 0.500
22, 50, 0.286
5, 26, 1.053
27, 37, 0.610
66, 24, 1.500
30, 18, 0.930
34, 49, 1.000
17, 15, 0.841
20, 12, 0.772
42, 17, 0.793
23, 17, 0.672
6, 43, 1.161
45, 4, 1.176
10, 38, 0.846
32, 7, 1.155
35, 50, 0.000
18, 38, 0.432
15, 67, 0.000
8, 16, 1.104
11, 13, 1.014
50, 32, 0.000
14, 10, 0.990
36, 19, 0.670
1, 23, 1.892
39, 6, 0.828
26, 9, 0.812
48, 22, 0.500
51, 3, 0.000
15, 41, 0.609
54, 28, 0.000
19, 42, 0.229
2, 14, 1.829
22, 53, 0.000
5, 3, 1.725
9, 64, 3.500
66, 19, 0.333
30, 21, 0.797
17, 0, 3.652
20, 11, 0.779
3, 53, 3.000
42, 24, 0.500
23, 46, 0.222
6, 34, 1.106
10, 33, 0.842
67, 16, 0.600
32, 30, 0.643
52, 31, 0.000
18, 33, 0.720
57, 10, 1.000
38, 36, 0.375
3, 66, 0.000
43, 43, 0.000
8, 23, 0.885
11, 2, 1.793
14, 13, 0.966
36, 26, 0.405
13, 41, 0.364
61, 14, 1.000
26, 16, 0.666
48, 13, 0.375
51, 8, 2.000
15, 54, 0.000
19, 51, 0.000
2, 9, 1.834
24, 38, 0.378
5, 12, 1.372
30, 28, 0.481
34, 67, 1.000
55, 12, 0.333
20, 18, 0.708
3, 58, 0.500
42, 3, 1.070
31, 46, 0.000
6, 37, 1.160
10, 40, 0.729
67, 25, 2.000
32, 21, 0.590
31, 39, 0.412
35, 32, 1.559
18, 24, 0.711
43, 32, 0.000
8, 30, 1.028
7, 62, 0.000
11, 59, 0.000
33, 10, 0.754
14, 20, 0.710
36, 1, 2.355
32, 67, 0.000
39, 52, 0.000
61, 7, 0.000
26, 27, 0.639
48, 4, 0.333
12, 26, 0.699
51, 17, 0.400
15, 63, 1.000
58, 30, 0.000
19, 56, 1.500
2, 0, 3.263
24, 45, 0.300
27, 8, 0.908
10, 64, 0.500
49, 27, 0.333
30, 7, 1.138
55, 5, 0.000
20, 25, 0.685
3, 35, 1.122
42, 10, 0.256
6, 28, 1.112
28, 41, 0.000
32, 44, 0.000
31, 44, 0.500
35, 41, 0.833
18, 19, 0.751
21, 6, 1.079
4, 66, 0.000
43, 25, 1.000
8, 5, 1.469
11, 50, 0.833
11, 48, 0.357
33, 3, 1.385
14, 31, 0.588
36, 8, 0.994
61, 0, 0.333
7, 68, 0.000
12, 17, 0.870
51, 22, 0.000
15, 4, 1.403
19, 65, 1.250
2, 27, 1.586
24, 52, 0.000
27, 1, 1.913
49, 28, 0.000
30, 14, 0.770
0, 45, 1.556
55, 2, 0.500
20, 32, 0.668
3, 40, 0.964
23, 53, 0.000
6, 23, 0.956
64, 10, 0.500
28, 32, 0.726
67, 7, 1.000
32, 35, 1.219
31, 21, 0.792
35, 46, 0.000
18, 10, 0.928
40, 35, 0.000
21, 15, 0.749
43, 30, 0.000
8, 12, 1.096
7, 44, 1.000
11, 41, 0.640
33, 4, 1.122
16, 60, 2.000
58, 4, 0.000
39, 42, 0.000
61, 25, 0.000
9, 19, 0.872
12, 8, 1.085
23, 68, 0.000
15, 13, 0.882
37, 16, 0.500
2, 18, 1.689
24, 59, 0.500
27, 6, 0.924
49, 21, 0.000
52, 6, 0.000
0, 36, 2.780
20, 47, 0.000
3, 17, 1.564
23, 50, 0.500
6, 14, 1.279
64, 1, 1.667
28, 63, 0.000
67, 12, 0.333
31, 18, 0.591
18, 5, 1.196
40, 42, 0.333
21, 8, 0.912
4, 48, 0.375
43, 23, 0.000
8, 51, 2.667
7, 37, 1.099
46, 0, 2.273
11, 46, 0.529
68, 21, 0.000
33, 29, 0.658
16, 51, 0.667
58, 15, 0.000
39, 35, 0.000
9, 20, 0.947
48, 41, 0.000
12, 7, 1.146
16, 66, 0.000
15, 10, 0.945
37, 25, 0.400
24, 2, 1.712
27, 31, 0.658
49, 14, 0.455
52, 13, 1.000
0, 59, 1.667
3, 22, 1.450
25, 37, 0.380
6, 1, 1.998
28, 54, 0.000
31, 27, 0.548
14, 65, 0.333
40, 17, 0.340
21, 17, 0.740
4, 63, 0.667
43, 12, 0.550
8, 58, 0.000
7, 34, 1.171
46, 11, 0.500
11, 39, 0.929
68, 28, 0.000
33, 22, 0.759
16, 42, 0.577
36, 37, 0.312
44, 37, 0.000
9, 29, 0.881
48, 32, 0.667
12, 62, 2.000
34, 15, 0.928
15, 19, 0.788
37, 2, 1.375
24, 9, 0.898
27, 20, 0.584
49, 7, 0.667
13, 25, 0.754
52, 20, 0.000
0, 50, 2.000
3, 31, 1.524
25, 46, 0.667
28, 13, 0.660
50, 30, 0.000
31, 0, 3.189
40, 24, 0.548
21, 26, 0.558
4, 38, 1.309
43, 5, 0.659
8, 33, 0.992
7, 27, 0.907
46, 18, 0.417
29, 42, 0.500
68, 27, 0.000
33, 47, 5.000
16, 33, 0.652
36, 44, 0.000
58, 17, 0.000
22, 11, 0.752
44, 28, 0.000
9, 6, 1.232
12, 53, 1.500
34, 6, 1.091
15, 24, 0.663
37, 11, 0.755
24, 16, 0.710
13, 18, 0.890
52, 19, 1.000
0, 9, 3.706
38, 26, 0.316
3, 4, 1.791
64, 22, 0.000
28, 4, 1.260
50, 25, 0.000
31, 9, 0.924
1, 46, 1.556
40, 31, 0.222
21, 35, 0.783
4, 45, 1.526
8, 40, 0.875
7, 16, 1.171
65, 9, 0.375
46, 21, 0.727
29, 35, 0.512
68, 2, 0.000
33, 32, 0.743
16, 24, 0.679
36, 43, 0.000
17, 66, 0.800
41, 32, 0.400
22, 2, 1.660
44, 27, 1.000
9, 15, 0.991
12, 44, 0.048
34, 1, 1.724
17, 63, 2.500
37, 52, 0.000
59, 11, 0.000
24, 23, 0.473
10, 22, 0.875
13, 11, 1.013
0, 0, 4.351
38, 29, 0.238
3, 13, 1.590
8, 64, 1.000
28, 3, 1.352
50, 16, 0.200
53, 5, 0.750
1, 39, 1.762
40, 6, 0.740
21, 44, 0.538
4, 20, 1.295
8, 47, 0.333
7, 9, 1.290
65, 2, 0.000
46, 28, 1.333
68, 9, 0.000
33, 57, 0.000
16, 31, 0.734
54, 44, 0.000
41, 41, 0.000
22, 5, 1.118
5, 51, 0.000
44, 18, 1.500
9, 48, 1.500
47, 7, 0.733
12, 43, 0.524
34, 24, 0.633
17, 48, 0.571
59, 0, 1.667
24, 30, 0.620
5, 68, 0.000
62, 15, 0.000
10, 17, 0.962
13, 4, 1.459
0, 7, 3.681
38, 20, 0.391
25, 1, 2.324
63, 20, 0.000
28, 26, 0.465
50, 11, 0.833
53, 14, 1.000
1, 56, 0.000
40, 13, 0.917
4, 19, 1.428
26, 32, 0.402
7, 6, 1.412
65, 27, 0.000
11, 67, 0.667
33, 50, 0.000
16, 22, 0.749
19, 3, 1.504
41, 18, 0.471
22, 28, 0.646
5, 60, 0.000
44, 9, 0.448
9, 57, 4.000
47, 12, 0.000
12, 34, 0.676
34, 19, 0.614
17, 41, 0.784
37, 38, 0.000
59, 25, 0.000
42, 51, 0.000
10, 24, 0.747
13, 61, 0.000
35, 16, 0.605
0, 30, 3.152
38, 15, 0.583
25, 10, 0.729
28, 17, 0.698
50, 2, 0.000
14, 36, 0.669
53, 23, 0.000
1, 49, 0.000
21, 62, 2.000
4, 26, 1.130
26, 43, 0.273
46, 46, 0.000
29, 14, 0.582
16, 13, 0.906
19, 8, 0.980
41, 27, 0.632
22, 23, 0.526
5, 37, 0.978
44, 0, 2.286
9, 34, 0.940
47, 21, 1.250
34, 42, 0.333
17, 34, 0.753
56, 3, 0.000
37, 47, 0.000
59, 30, 0.000
23, 12, 0.739
45, 31, 0.000
10, 3, 1.576
49, 36, 0.000
35, 25, 0.759
0, 21, 3.642
38, 6, 0.838
25, 19, 0.627
14, 47, 0.429
31, 7, 1.047
1, 10, 2.072
39, 29, 0.615
4, 1, 1.979
26, 50, 0.000
65, 21, 0.000
29, 7, 0.922
12, 65, 1.500
51, 38, 0.000
16, 4, 1.378
21, 66, 0.000
19, 17, 0.812
2, 43, 0.500
41, 28, 0.235
22, 46, 0.571
5, 46, 0.789
9, 43, 0.311
66, 12, 1.750
47, 18, 0.875
34, 37, 0.571
15, 69, 0.000
56, 10, 2.000
37, 40, 0.923
59, 23, 0.000
42, 37, 0.000
23, 5, 1.121
45, 24, 0.400
10, 10, 1.112
13, 47, 1.278
35, 30, 1.025
18, 58, 0.000
60, 14, 3.000
25, 20, 0.713
63, 3, 0.000
11, 25, 0.693
14, 54, 0.000
53, 25, 0.000
1, 3, 2.021
21, 64, 0.000
4, 8, 1.535
29, 0, 3.474
54, 8, 1.333
19, 22, 0.713
2, 34, 1.884
41, 5, 0.958
22, 33, 0.703
5, 23, 1.125
9, 44, 0.500
66, 7, 0.500
47, 27, 0.000
30, 33, 0.820
69, 10, 0.000
15, 66, 0.750
42, 44, 0.000
23, 2, 1.729
6, 62, 0.000
45, 17, 0.000
10, 53, 0.000
32, 10, 0.717
13, 40, 0.923
35, 7, 0.983
18, 53, 0.250
38, 48, 0.000
60, 5, 0.000
25, 29, 0.429
11, 30, 0.759
50, 47, 0.000
14, 57, 0.000
18, 68, 0.000
1, 4, 1.974
39, 19, 0.447
26, 4, 1.151
48, 25, 0.000
29, 25, 0.434
54, 3, 0.000
19, 31, 0.524
41, 14, 0.540
5, 16, 1.369
27, 47, 0.000
47, 32, 0.000
30, 40, 0.375
17, 21, 0.731
55, 32, 0.000
20, 6, 1.154
24, 65, 1.000
23, 27, 0.627
6, 49, 0.000
45, 10, 1.071
10, 60, 0.000
32, 1, 1.645
13, 33, 0.662
35, 12, 0.873
18, 44, 1.938
38, 43, 0.833
15, 64, 0.333
11, 23, 0.727
14, 0, 3.803
36, 21, 0.413
1, 29, 1.844
39, 8, 0.863
22, 64, 0.000
26, 15, 0.614
48, 16, 0.000
29, 18, 0.583
15, 35, 0.743
19, 36, 0.746
2, 52, 4.000
22, 51, 0.000
5, 25, 1.158
27, 36, 0.455
66, 25, 0.000
30, 19, 0.640
52, 36, 3.000
17, 14, 0.922
0, 66, 0.000
20, 13, 0.820
42, 30, 0.111
23, 16, 0.661
6, 40, 0.687
45, 3, 0.824
10, 39, 0.755
67, 42, 1.000
32, 24, 0.711
31, 48, 0.000
18, 39, 0.375
57, 0, 1.500
38, 34, 0.250
43, 53, 0.000
8, 17, 1.054
11, 12, 0.957
50, 33, 0.500
14, 11, 0.987
36, 28, 0.105
1, 22, 1.899
39, 1, 1.796
26, 22, 0.548
48, 23, 0.000
51, 2, 2.500
15, 40, 0.788
19, 45, 0.545
2, 15, 1.698
24, 32, 0.752
5, 2, 1.797
66, 16, 0.000
30, 26, 0.750
17, 7, 1.060
20, 20, 0.672
3, 52, 1.000
42, 25, 0.565
23, 41, 0.821
6, 35, 1.156
10, 46, 0.294
32, 31, 0.323
18, 30, 0.857
57, 9, 4.000
38, 37, 0.000
3, 69, 0.000
43, 42, 2.000
8, 24, 0.818
11, 5, 1.415
14, 18, 0.823
36, 27, 0.473
32, 66, 0.000
61, 13, 0.000
26, 17, 0.586
48, 14, 0.333
12, 28, 0.649
51, 11, 0.000
15, 49, 1.333
19, 50, 0.333
2, 6, 1.842
24, 39, 0.659
5, 11, 1.404
27, 50, 1.000
30, 29, 0.700
52, 42, 0.000
55, 15, 0.000
20, 19, 0.753
3, 61, 0.667
42, 0, 2.581
23, 38, 0.451
6, 26, 0.961
10, 41, 0.387
67, 24, 1.000
32, 22, 0.758
31, 38, 0.909
35, 35, 1.053
18, 25, 0.670
4, 68, 0.333
43, 35, 0.000
8, 31, 0.936
7, 57, 12.000
11, 58, 2.000
33, 9, 0.803
14, 21, 0.721
36, 2, 1.701
39, 55, 1.000
61, 6, 0.500
26, 24, 0.462
48, 5, 1.250
12, 27, 0.585
51, 16, 0.667
15, 62, 0.000
19, 59, 8.000
2, 1, 2.121
24, 46, 0.500
27, 11, 0.717
10, 65, 1.000
49, 26, 1.000
30, 4, 1.358
20, 26, 0.592
3, 34, 1.182
42, 11, 0.618
6, 29, 1.190
28, 42, 0.250
32, 45, 0.000
13, 69, 0.000
35, 40, 0.000
18, 16, 0.811
21, 5, 1.215
4, 67, 0.000
43, 24, 0.533
8, 6, 1.352
7, 54, 0.500
11, 51, 0.000
33, 2, 1.703
14, 28, 0.815
36, 9, 0.851
12, 18, 0.823
51, 25, 0.000
15, 7, 1.157
37, 22, 0.797
2, 24, 1.762
24, 53, 0.000
27, 0, 3.482
49, 19, 0.000
30, 15, 0.800
0, 46, 2.667
20, 33, 0.729
3, 43, 1.200
23, 52, 0.000
6, 20, 1.158
64, 11, 2.000
28, 33, 0.361
67, 6, 0.000
32, 36, 0.619
31, 20, 0.763
53, 39, 0.000
18, 11, 0.858
40, 36, 0.429
21, 14, 0.735
43, 17, 0.333
8, 13, 1.085
7, 47, 0.875
11, 40, 0.589
33, 27, 0.875
16, 61, 1.667
36, 48, 0.000
19, 64, 0.000
58, 5, 3.500
39, 37, 0.300
9, 18, 0.953
12, 9, 1.028
15, 12, 0.941
37, 31, 0.893
2, 19, 1.748
26, 66, 0.667
27, 25, 0.482
49, 20, 1.000
52, 7, 0.600
0, 37, 2.643
20, 40, 1.000
3, 16, 1.503
25, 35, 0.525
6, 15, 1.266
64, 2, 1.000
67, 15, 0.000
31, 29, 0.404
18, 2, 1.676
40, 43, 0.000
21, 23, 0.539
4, 49, 0.400
43, 22, 0.522
7, 36, 1.200
46, 1, 1.556
11, 33, 0.639
68, 22, 0.333
33, 28, 0.444
16, 52, 1.000
58, 12, 1.500
39, 34, 0.000
9, 27, 0.900
12, 0, 3.803
16, 67, 0.667
15, 21, 0.750
37, 24, 0.703
24, 3, 1.423
62, 16, 0.000
27, 30, 0.581
49, 13, 1.000
13, 31, 0.693
0, 60, 2.000
20, 55, 0.000
3, 25, 1.488
25, 36, 0.592
6, 6, 1.457
32, 50, 0.000
31, 26, 0.577
53, 41, 0.000
40, 18, 0.478
21, 16, 0.751
4, 56, 0.000
43, 15, 0.143
8, 59, 0.000
7, 29, 0.907
46, 8, 1.357
11, 38, 0.647
68, 29, 0.200
33, 21, 0.539
16, 43, 0.304
36, 38, 0.333
41, 53, 0.000
44, 38, 0.750
9, 28, 0.747
48, 33, 1.000
31, 47, 0.000
12, 63, 1.500
34, 12, 0.688
15, 18, 0.849
37, 1, 2.293
24, 10, 0.771
27, 23, 0.619
49, 6, 0.000
13, 24, 0.727
52, 21, 0.000
0, 51, 2.500
3, 30, 1.423
25, 45, 0.000
64, 16, 0.000
28, 14, 0.790
50, 31, 0.000
31, 3, 1.489
40, 25, 0.290
21, 25, 0.584
4, 39, 1.147
43, 4, 0.786
8, 34, 0.846
7, 26, 0.938
46, 19, 1.625
29, 41, 0.105
68, 4, 0.333
16, 34, 0.881
36, 45, 3.000
17, 67, 0.667
22, 8, 0.933
44, 29, 0.750
9, 5, 1.333
12, 54, 0.000
34, 7, 1.163
15, 27, 0.627
37, 10, 0.779
24, 17, 0.588
62, 2, 3.000
13, 17, 0.899
0, 10, 3.865
38, 27, 0.500
3, 7, 1.646
9, 62, 0.000
28, 5, 1.213
50, 22, 0.286
31, 8, 0.954
1, 45, 1.000
40, 0, 2.459
21, 34, 0.595
4, 46, 1.118
8, 41, 0.657
7, 19, 1.053
65, 8, 0.000
46, 26, 0.000
29, 34, 0.319
33, 39, 1.000
16, 25, 0.637
2, 68, 0.000
41, 39, 0.667
22, 3, 1.426
44, 20, 0.214
9, 14, 1.000
12, 45, 0.650
34, 30, 0.902
17, 62, 0.000
59, 10, 0.000
24, 24, 0.571
62, 5, 0.250
10, 23, 0.784
13, 10, 1.020
52, 27, 0.000
0, 1, 3.054
38, 18, 0.481
3, 12, 1.602
25, 63, 1.000
8, 65, 0.000
28, 28, 0.617
50, 17, 0.250
23, 39, 0.571
1, 38, 1.937
40, 7, 0.863
21, 43, 0.526
4, 21, 1.291
26, 38, 0.438
7, 8, 1.312
65, 1, 2.000
46, 29, 0.250
29, 59, 0.000
68, 10, 0.200
16, 16, 0.961
41, 40, 0.000
22, 26, 0.555
5, 50, 0.500
44, 19, 0.200
66, 32, 0.000
47, 6, 0.556
12, 36, 0.681
23, 66, 3.000
34, 25, 0.403
59, 3, 2.500
24, 31, 0.500
5, 67, 0.000
62, 12, 2.000
45, 44, 0.000
10, 30, 0.783
13, 3, 1.613
0, 24, 3.500
38, 21, 0.600
25, 0, 3.415
28, 27, 0.606
50, 8, 1.200
14, 34, 0.659
53, 13, 0.000
1, 63, 1.333
40, 14, 0.810
21, 52, 0.000
4, 28, 1.275
26, 33, 0.367
7, 1, 2.055
46, 36, 0.000
11, 66, 0.000
33, 49, 0.000
16, 23, 0.627
19, 2, 1.741
41, 17, 0.744
22, 29, 0.583
5, 59, 0.000
44, 10, 0.522
9, 56, 0.000
47, 15, 0.000
12, 35, 0.901
69, 30, 0.000
34, 16, 0.824
17, 40, 0.236
37, 37, 0.000
59, 24, 0.500
42, 48, 1.000
45, 37, 5.000
10, 25, 0.770
49, 34, 1.000
13, 60, 2.000
35, 19, 0.805
0, 31, 3.178
38, 12, 0.806
25, 9, 0.796
63, 28, 0.000
28, 18, 0.732
50, 3, 1.000
14, 37, 0.538
53, 22, 0.000
1, 48, 3.000
21, 61, 7.000
4, 27, 1.347
26, 40, 0.250
65, 19, 1.667
29, 13, 0.836
16, 14, 0.939
21, 67, 0.667
19, 11, 0.829
41, 26, 0.588
22, 20, 0.597
5, 36, 1.197
44, 1, 1.333
9, 33, 0.784
47, 20, 0.000
30, 52, 0.000
69, 7, 0.000
34, 43, 2.333
17, 33, 0.593
56, 4, 0.000
37, 46, 1.200
59, 17, 0.000
23, 15, 0.672
45, 30, 1.000
10, 0, 3.878
13, 53, 0.000
35, 24, 0.944
0, 22, 3.542
38, 7, 0.916
25, 18, 0.685
63, 5, 2.667
14, 44, 0.333
1, 9, 2.059
39, 28, 0.212
4, 2, 1.867
65, 20, 2.000
29, 6, 1.140
12, 66, 1.750
51, 41, 0.000
16, 5, 1.366
13, 64, 0.000
19, 16, 0.815
2, 40, 1.605
41, 3, 0.905
22, 47, 0.100
5, 45, 1.045
9, 42, 0.529
66, 13, 0.000
47, 29, 1.500
34, 34, 0.600
15, 68, 0.000
56, 11, 0.000
42, 34, 0.333
23, 4, 1.351
6, 68, 0.000
45, 23, 0.222
10, 11, 0.990
13, 46, 0.692
35, 1, 2.282
18, 59, 4.500
60, 15, 0.000
25, 27, 0.594
63, 2, 3.000
11, 24, 0.699
14, 55, 0.000
53, 24, 0.000
1, 2, 2.115
39, 21, 0.585
4, 9, 1.499
29, 31, 0.406
51, 46, 0.000
54, 9, 0.000
19, 25, 0.634
2, 35, 1.635
17, 68, 0.000
41, 4, 1.184
22, 38, 0.705
5, 22, 1.112
27, 41, 0.278
66, 4, 0.000
47, 26, 0.000
30, 38, 0.409
69, 9, 0.000
17, 19, 0.790
23, 29, 0.669
6, 63, 1.333
45, 16, 0.765
10, 50, 0.636
32, 11, 0.717
13, 39, 0.472
35, 6, 1.093
18, 50, 0.500
38, 49, 0.000
15, 65, 1.000
60, 6, 3.000
25, 28, 0.622
63, 11, 1.250
11, 17, 0.880
14, 62, 3.500
1, 27, 1.881
39, 18, 0.481
26, 5, 1.090
48, 26, 0.000
29, 24, 0.511
15, 37, 0.667
19, 30, 0.622
41, 13, 0.273
5, 31, 1.105
27, 46, 0.000
47, 35, 0.000
30, 41, 0.600
17, 20, 0.704
20, 7, 1.000
42, 20, 0.500
23, 26, 0.558
6, 54, 0.500
45, 9, 0.850
10, 61, 2.500
32, 2, 1.593
13, 32, 0.836
35, 15, 0.773
18, 45, 0.500
38, 40, 0.500
11, 22, 0.761
14, 1, 2.159
36, 22, 0.783
1, 28, 1.943
39, 11, 0.975
22, 65, 0.500
26, 12, 0.729
48, 17, 0.571
29, 17, 0.608
15, 34, 0.989
54, 27, 0.000
19, 39, 0.348
2, 53, 3.000
22, 48, 0.333
5, 24, 1.194
27, 39, 0.375
66, 22, 0.200
47, 40, 0.000
30, 16, 0.877
52, 37, 0.000
17, 13, 0.903
20, 14, 0.708
42, 31, 0.400
23, 19, 0.703
6, 41, 0.649
45, 2, 0.600
10, 36, 0.775
32, 25, 0.951
35, 52, 2.000
18, 36, 0.689
57, 7, 12.000
38, 35, 0.529
60, 20, 0.000
43, 52, 5.000
8, 18, 1.074
11, 15, 0.928
14, 8, 1.162
36, 29, 0.588
1, 21, 2.108
39, 0, 2.621
26, 23, 0.530
48, 8, 0.600
51, 5, 0.000
15, 43, 0.158
54, 18, 0.000
19, 44, 0.190
2, 12, 1.845
24, 33, 0.750
5, 1, 2.022
66, 17, 0.800
27, 59, 0.000
30, 27, 0.604
17, 6, 1.186
20, 21, 0.721
3, 55, 0.000
42, 6, 1.200
23, 40, 0.314
6, 32, 1.071
10, 47, 0.533
67, 18, 0.000
32, 16, 0.836
18, 31, 0.623
57, 8, 0.000
40, 48, 0.000
43, 45, 0.000
8, 25, 0.917
28, 68, 0.000
11, 4, 1.398
14, 19, 0.802
36, 4, 1.157
26, 30, 0.719
48, 15, 0.500
12, 29, 0.664
51, 10, 0.000
15, 48, 0.429
54, 21, 0.000
2, 7, 1.823
24, 40, 0.625
5, 10, 1.427
30, 2, 1.742
52, 43, 5.000
55, 14, 0.000
20, 28, 0.629
3, 60, 0.000
42, 1, 1.130
23, 33, 0.435
6, 27, 0.943
28, 44, 0.000
32, 23, 0.730
31, 33, 0.388
35, 34, 0.750
18, 22, 0.673
4, 69, 0.000
43, 34, 1.750
8, 0, 3.675
7, 56, 0.000
11, 61, 4.000
33, 8, 1.121
14, 26, 0.760
36, 3, 1.382
11, 53, 0.000
61, 5, 2.500
26, 25, 0.419
48, 6, 0.167
12, 20, 0.786
51, 19, 0.000
15, 57, 0.000
19, 58, 0.000
2, 30, 1.796
24, 47, 0.500
27, 10, 0.814
49, 25, 0.800
30, 5, 1.300
0, 40, 2.395
55, 7, 0.000
20, 27, 0.570
3, 37, 1.728
42, 8, 0.521
6, 18, 1.135
28, 43, 0.000
32, 46, 0.000
13, 68, 0.000
35, 43, 0.000
18, 17, 0.881
21, 4, 1.276
43, 27, 0.000
8, 7, 1.319
7, 49, 0.667
29, 68, 0.200
33, 1, 2.173
14, 29, 0.607
3, 67, 1.000
36, 10, 0.731
37, 23, 0.714
12, 19, 0.897
51, 24, 0.500
15, 6, 1.265
37, 21, 0.984
2, 25, 1.640
24, 54, 0.000
27, 3, 1.557
49, 18, 0.500
30, 12, 0.836
0, 47, 1.778
20, 34, 0.680
3, 42, 1.103
6, 21, 1.109
64, 12, 0.000
28, 34, 0.525
67, 9, 0.000
32, 37, 0.176
31, 23, 0.592
53, 38, 0.000
18, 8, 1.074
40, 37, 1.000
21, 13, 0.705
43, 16, 0.261
8, 14, 1.160
7, 46, 0.850
11, 43, 0.667
33, 26, 0.500
16, 62, 0.000
36, 49, 0.000
39, 36, 0.286
61, 23, 0.000
9, 17, 1.003
12, 10, 1.039
15, 15, 0.921
37, 30, 0.700
2, 16, 1.732
27, 24, 0.683
49, 11, 0.222
52, 0, 0.000
0, 38, 3.274
55, 21, 0.000
20, 41, 0.359
3, 19, 1.503
25, 34, 0.338
6, 12, 1.254
64, 3, 0.667
67, 14, 0.000
29, 52, 0.000
31, 28, 0.670
18, 3, 1.575
40, 44, 0.000
21, 22, 0.608
4, 50, 0.500
43, 9, 0.333
8, 53, 0.500
7, 39, 0.867
46, 6, 0.611
11, 32, 0.708
68, 23, 0.000
33, 19, 0.787
41, 51, 0.000
61, 16, 1.667
44, 40, 0.000
9, 26, 0.819
12, 1, 2.080
16, 68, 0.143
15, 20, 0.742
37, 7, 1.106
20, 65, 2.000
24, 4, 1.290
62, 17, 0.000
27, 17, 0.715
49, 12, 0.700
13, 30, 0.736
52, 15, 0.000
0, 61, 0.333
20, 48, 1.200
3, 24, 1.429
25, 43, 1.000
6, 7, 1.430
28, 48, 0.000
31, 5, 1.031
40, 19, 0.489
21, 31, 0.734
43, 14, 0.314
7, 28, 0.987
46, 9, 0.481
29, 47, 1.500
33, 20, 0.669
16, 44, 0.762
36, 39, 0.235
9, 3, 1.699
48, 34, 0.000
34, 13, 0.771
15, 29, 0.620
37, 0, 2.461
24, 11, 0.687
27, 22, 0.549
49, 5, 0.000
13, 23, 0.720
20, 63, 0.000
3, 1, 2.032
25, 44, 0.154
64, 17, 4.000
28, 15, 0.700
50, 28, 0.333
31, 2, 1.652
53, 49, 0.000
1, 43, 1.875
40, 26, 0.833
21, 24, 0.564
4, 32, 1.246
43, 7, 0.718
8, 35, 0.951
7, 21, 1.029
46, 16, 0.545
29, 40, 0.462
68, 5, 0.000
33, 45, 0.000
16, 35, 0.596
36, 46, 0.000
22, 9, 0.773
26, 68, 0.000
9, 4, 1.512
12, 55, 0.333
34, 4, 1.364
15, 26, 0.644
37, 9, 0.712
24, 18, 0.724
62, 3, 3.000
13, 16, 0.906
52, 29, 0.000
0, 11, 3.837
38, 24, 0.372
3, 6, 1.693
25, 53, 0.000
28, 6, 1.154
50, 23, 0.500
31, 11, 0.829
1, 44, 1.762
40, 1, 1.171
21, 33, 0.594
4, 47, 1.214
8, 42, 0.521
7, 18, 1.124
65, 15, 1.000
46, 27, 0.000
29, 33, 0.816
68, 12, 0.000
33, 38, 1.143
16, 26, 0.663
41, 38, 0.000
22, 0, 3.566
44, 21, 0.467
9, 13, 1.019
12, 46, 0.500
34, 31, 0.850
37, 50, 0.000
59, 13, 9.000
24, 25, 0.588
45, 50, 0.000
10, 20, 0.876
13, 9, 1.035
0, 2, 3.234
38, 19, 0.968
3, 15, 1.535
8, 66, 1.125
28, 29, 0.628
50, 14, 1.000
53, 3, 3.000
1, 37, 2.173
40, 8, 0.827
21, 42, 0.545
4, 22, 1.156
26, 39, 0.227
7, 11, 1.220
46, 34, 1.500
29, 58, 0.000
68, 11, 0.000
16, 17, 0.902
22, 27, 0.599
5, 49, 0.000
44, 12, 0.045
9, 54, 0.000
23, 49, 0.750
47, 1, 1.500
12, 37, 0.651
69, 20, 0.000
34, 22, 0.392
17, 54, 0.000
59, 2, 0.000
5, 66, 0.333
45, 43, 0.000
10, 31, 1.020
49, 40, 2.000
13, 2, 1.758
0, 25, 3.435
38, 10, 0.843
25, 7, 0.971
28, 20, 0.616
50, 9, 0.333
14, 35, 0.907
53, 12, 1.500
1, 62, 7.000
40, 15, 0.859
21, 51, 0.000
4, 29, 1.376
26, 46, 0.500
7, 0, 3.712
46, 37, 1.500
11, 69, 0.000
33, 48, 1.600
16, 8, 1.086
21, 68, 0.000
19, 5, 1.239
41, 16, 1.032
22, 18, 0.688
5, 58, 3.500
31, 25, 0.635
44, 11, 1.129
47, 14, 0.286
30, 50, 0.000
34, 17, 0.708
17, 47, 0.000
37, 36, 0.188
59, 27, 0.000
45, 36, 3.000
10, 6, 1.313
49, 33, 0.000
13, 59, 9.000
42, 67, 1.000
35, 18, 0.588
0, 16, 3.697
38, 13, 0.647
25, 8, 0.908
28, 19, 0.596
50, 0, 2.333
14, 42, 0.463
1, 55, 0.000
21, 60, 4.000
4, 4, 1.707
26, 41, 0.556
65, 18, 0.000
29, 12, 0.668
12, 68, 0.000
16, 15, 0.920
19, 10, 0.873
2, 46, 1.462
41, 25, 0.400
22, 21, 0.601
5, 35, 1.166
44, 2, 0.385
9, 32, 0.824
47, 23, 0.778
34, 40, 0.444
17, 32, 0.637
56, 5, 0.000
37, 45, 5.000
23, 14, 0.666
6, 66, 2.500
45, 29, 0.000
10, 1, 2.072
30, 68, 0.000
13, 52, 1.000
35, 27, 0.750
0, 23, 3.528
38, 4, 1.310
25, 17, 0.657
63, 4, 0.667
14, 45, 0.154
53, 30, 0.000
1, 8, 2.065
39, 31, 0.438
4, 3, 1.793
26, 48, 0.000
29, 5, 1.265
12, 67, 0.333
16, 6, 1.226
19, 19, 0.777
2, 41, 1.190
41, 2, 1.190
22, 44, 0.385
5, 44, 1.000
9, 41, 0.736
66, 10, 0.750
47, 28, 0.000
69, 15, 0.000
34, 35, 0.783
17, 25, 0.668
59, 41, 0.000
42, 35, 0.000
23, 7, 1.058
45, 22, 0.143
10, 8, 1.138
13, 45, 0.062
35, 0, 2.748
25, 26, 0.411
63, 13, 4.000
11, 27, 0.695
14, 52, 0.000
1, 1, 2.165
39, 20, 0.482
4, 10, 1.478
26, 59, 1.500
44, 68, 0.000
29, 30, 0.651
51, 49, 0.000
54, 14, 0.000
19, 24, 0.645
2, 32, 1.468
41, 11, 0.543
22, 39, 0.463
5, 21, 1.255
27, 40, 0.625
66, 5, 0.333
47, 37, 0.000
30, 39, 0.571
69, 8, 0.000
17, 18, 0.894
56, 19, 1.000
42, 42, 1.000
23, 28, 0.522
6, 60, 3.000
45, 15, 0.056
10, 51, 0.000
32, 12, 0.818
13, 38, 0.674
35, 9, 0.750
18, 51, 0.400
60, 7, 2.000
63, 10, 0.000
11, 16, 0.906
50, 45, 0.000
23, 61, 0.000
14, 63, 1.333
18, 66, 0.000
1, 26, 2.021
39, 13, 0.444
26, 2, 1.799
48, 27, 0.000
29, 23, 0.539
15, 36, 0.740
19, 33, 0.713
2, 59, 0.000
41, 12, 0.475
22, 62, 1.500
5, 30, 1.247
27, 33, 0.871
47, 34, 0.000
30, 46, 0.000
17, 11, 0.881
20, 0, 3.720
42, 21, 0.548
23, 21, 0.505
6, 55, 0.333
64, 23, 3.000
45, 8, 0.364
10, 58, 0.000
32, 3, 1.471
35, 14, 0.860
18, 42, 0.447
38, 41, 0.400
11, 9, 1.124
50, 36, 0.000
14, 6, 1.292
36, 23, 0.550
1, 19, 1.874
39, 10, 0.588
26, 13, 0.667
48, 18, 0.222
29, 16, 0.780
15, 45, 0.167
54, 24, 0.000
19, 38, 0.800
2, 50, 0.000
22, 49, 1.000
5, 7, 1.451
27, 38, 0.345
30, 17, 0.739
17, 12, 0.860
20, 15, 0.736
3, 49, 1.800
42, 28, 0.222
23, 18, 0.733
6, 46, 0.579
45, 1, 0.857
10, 37, 0.769
32, 26, 0.439
31, 50, 0.000
18, 37, 0.500
38, 32, 0.769
60, 21, 4.000
8, 19, 0.977
11, 14, 0.991
14, 9, 1.001
36, 30, 0.649
1, 20, 1.908
39, 3, 1.000
26, 20, 0.588
48, 9, 1.667
51, 4, 0.750
15, 42, 0.649
19, 47, 0.000
2, 13, 1.763
24, 34, 0.663
5, 0, 3.494
9, 69, 0.000
30, 24, 0.649
17, 5, 1.314
20, 22, 0.585
3, 54, 0.000
42, 7, 0.435
23, 43, 0.000
6, 33, 0.955
10, 44, 0.571
67, 21, 0.667
32, 17, 0.684
23, 44, 0.727
18, 28, 0.689
57, 15, 0.000
40, 49, 2.000
8, 26, 0.875
28, 69, 0.000
11, 7, 1.236
14, 16, 0.945
36, 5, 1.257
61, 11, 4.000
26, 31, 0.510
48, 0, 2.833
12, 30, 0.780
51, 13, 0.000
15, 51, 0.000
19, 52, 1.000
2, 4, 1.894
24, 41, 0.533
5, 9, 1.354
27, 52, 0.000
10, 68, 0.273
30, 3, 1.457
20, 29, 0.774
3, 63, 0.000
42, 14, 0.519
23, 32, 0.644
6, 24, 0.989
28, 45, 0.000
32, 40, 0.000
31, 32, 0.316
35, 37, 0.636
18, 23, 0.699
57, 16, 0.000
43, 37, 0.000
8, 1, 2.048
7, 59, 1.000
33, 15, 0.517
14, 27, 0.625
36, 12, 0.699
61, 4, 0.000
48, 7, 1.200
12, 21, 0.822
51, 18, 0.400
19, 61, 0.000
2, 31, 1.727
24, 48, 0.667
27, 13, 0.784
49, 24, 0.500
30, 10, 0.789
0, 41, 2.149
55, 6, 0.333
20, 36, 0.382
3, 36, 1.311
42, 9, 0.569
23, 57, 0.000
6, 19, 1.180
28, 36, 0.162
67, 3, 0.500
32, 47, 0.000
31, 41, 0.462
35, 42, 0.000
18, 14, 0.833
21, 3, 1.487
43, 26, 0.250
8, 8, 1.280
7, 48, 1.278
29, 67, 0.500
33, 0, 3.051
36, 11, 0.943
7, 65, 0.000
12, 12, 0.940
15, 1, 1.955
19, 66, 0.333
2, 22, 1.669
24, 55, 0.000
27, 2, 1.554
49, 17, 0.182
30, 13, 0.709
0, 32, 2.900
20, 35, 0.685
3, 45, 0.824
6, 10, 1.287
64, 13, 0.000
28, 35, 1.070
67, 8, 0.667
32, 38, 0.667
31, 22, 0.618
53, 37, 0.000
18, 9, 0.951
40, 38, 0.667
21, 12, 0.832
4, 52, 0.000
43, 19, 0.905
8, 15, 1.041
7, 41, 1.239
11, 42, 0.632
33, 25, 0.694
16, 63, 0.000
36, 50, 0.000
58, 3, 0.500
39, 39, 0.222
9, 16, 0.998
12, 11, 0.974
15, 14, 0.924
37, 29, 0.607
2, 17, 1.764
27, 27, 0.516
49, 10, 0.000
52, 1, 0.000
0, 39, 2.562
55, 20, 0.000
20, 42, 0.400
3, 18, 1.570
25, 33, 0.617
6, 13, 1.240
64, 4, 0.500
31, 31, 0.761
18, 0, 3.672
21, 21, 0.564
4, 51, 1.000
43, 8, 0.659
8, 54, 1.333
7, 38, 0.875
46, 7, 0.737
11, 35, 0.901
68, 16, 0.143
33, 18, 0.749
58, 10, 0.000
41, 50, 0.000
44, 41, 0.000
9, 25, 0.799
12, 2, 1.840
15, 23, 0.702
37, 6, 1.094
20, 66, 2.000
24, 5, 1.198
62, 22, 1.500
27, 16, 0.650
49, 3, 1.750
13, 29, 0.843
52, 8, 0.000
0, 62, 2.250
20, 49, 0.800
3, 27, 1.532
25, 42, 0.636
6, 4, 1.553
28, 49, 0.000
31, 4, 1.392
14, 68, 0.000
40, 20, 1.053
21, 30, 0.772
4, 58, 0.000
43, 1, 1.389
8, 61, 0.000
7, 31, 1.010
46, 14, 0.375
29, 46, 0.250
33, 43, 0.000
16, 45, 0.812
36, 32, 0.444
1, 66, 0.000
58, 21, 1.500
41, 59, 0.000
44, 32, 0.000
9, 2, 1.840
37, 68, 0.000
48, 35, 0.000
12, 57, 0.000
34, 10, 0.616
15, 28, 0.706
37, 15, 0.593
24, 12, 0.620
49, 4, 0.400
13, 22, 0.752
52, 23, 0.000
0, 53, 8.000
3, 0, 3.259
25, 51, 0.000
64, 18, 1.000
28, 8, 0.867
44, 30, 0.000
50, 29, 0.000
31, 13, 0.641
1, 42, 1.500
40, 27, 0.522
21, 39, 0.568
4, 33, 1.168
43, 6, 0.818
8, 36, 1.000
7, 20, 1.009
46, 17, 0.600
29, 39, 0.786
68, 6, 0.000
33, 44, 1.333
16, 36, 0.679
36, 47, 0.000
22, 14, 0.762
44, 31, 0.444
9, 11, 1.128
12, 48, 0.312
23, 64, 3.000
34, 5, 1.423
17, 59, 0.000
37, 8, 0.901
24, 19, 0.638
62, 0, 2.250
13, 15, 0.902
52, 30, 0.000
0, 12, 3.786
38, 25, 0.824
3, 9, 1.696
25, 52, 0.667
28, 7, 1.012
50, 20, 3.000
31, 10, 0.979
1, 35, 2.290
40, 2, 1.442
21, 32, 0.657
4, 40, 1.100
8, 43, 0.533
7, 13, 1.219
65, 14, 0.333
46, 24, 0.714
29, 32, 0.418
68, 13, 0.000
33, 37, 0.938
16, 27, 0.692
2, 66, 0.000
41, 37, 0.000
22, 1, 1.930
5, 55, 0.000
44, 22, 0.154
9, 12, 1.025
69, 21, 0.000
12, 47, 0.000
34, 28, 0.541
24, 26, 0.482
10, 21, 0.852
13, 8, 1.096
0, 3, 3.253
38, 16, 0.547
3, 14, 1.699
25, 61, 0.000
8, 67, 0.667
28, 30, 0.429
50, 15, 0.000
53, 2, 3.000
1, 36, 2.336
40, 9, 0.714
21, 41, 0.400
4, 23, 1.391
26, 36, 0.405
7, 10, 1.185
65, 7, 0.000
46, 35, 0.000
29, 57, 0.000
16, 18, 0.807
21, 69, 0.000
41, 46, 0.000
22, 24, 0.548
5, 48, 1.429
44, 13, 0.464
9, 53, 0.000
47, 0, 2.091
12, 38, 0.949
34, 23, 0.440
17, 53, 0.000
59, 5, 0.000
5, 65, 2.500
42, 18, 0.500
10, 28, 0.737
13, 1, 1.973
0, 26, 3.370
38, 11, 0.619
62, 6, 0.000
25, 6, 1.012
63, 17, 2.500
28, 21, 0.599
50, 6, 0.000
14, 32, 0.711
53, 11, 0.000
1, 61, 0.500
21, 50, 0.000
4, 30, 1.313
26, 47, 0.000
7, 3, 1.654
65, 24, 1.000
29, 50, 0.000
16, 9, 1.008
19, 4, 1.397
41, 23, 0.806
22, 19, 0.697
5, 57, 0.000
44, 4, 1.097
27, 68, 0.000
47, 9, 0.385
69, 28, 0.000
34, 46, 1.500
17, 46, 0.545
37, 35, 0.700
59, 26, 1.500
45, 35, 0.000
10, 7, 1.195
35, 21, 0.793
0, 17, 3.663
38, 2, 1.234
25, 15, 0.606
50, 1, 0.250
14, 43, 0.343
4, 5, 1.630
65, 17, 0.000
46, 45, 0.000
29, 11, 0.753
12, 69, 0.000
16, 0, 3.684
19, 13, 0.882
2, 47, 0.250
41, 24, 0.500
22, 42, 0.542
5, 34, 1.360
44, 3, 0.933
9, 39, 0.822
47, 22, 0.111
30, 58, 0.000
34, 41, 1.667
17, 39, 0.527
37, 44, 0.000
59, 19, 8.000
23, 9, 0.796
6, 67, 0.000
45, 28, 0.000
10, 14, 0.981
30, 69, 0.000
13, 51, 0.000
35, 26, 0.423
18, 62, 1.000
38, 5, 0.765
25, 16, 0.683
63, 7, 1.000
24, 67, 1.000
14, 50, 1.000
53, 29, 0.000
1, 15, 1.971
39, 30, 0.533
4, 12, 1.496
26, 49, 1.000
29, 4, 1.377
29, 53, 0.000
16, 7, 1.152
19, 18, 0.766
2, 38, 1.281
41, 1, 1.188
22, 45, 0.143
5, 43, 0.659
9, 40, 0.564
66, 11, 0.000
47, 31, 0.000
69, 14, 0.000
34, 32, 0.931
17, 24, 0.577
42, 32, 0.000
23, 6, 0.965
6, 58, 1.333
45, 21, 1.167
10, 9, 1.053
13, 44, 0.684
35, 3, 1.154
60, 9, 0.000
25, 25, 0.592
63, 12, 1.500
11, 26, 0.768
50, 51, 0.000
14, 53, 1.000
1, 0, 3.079
39, 23, 0.583
4, 11, 1.424
29, 29, 0.618
54, 15, 0.000
19, 27, 0.757
2, 33, 1.680
41, 10, 0.400
22, 36, 0.775
5, 20, 1.190
27, 43, 0.300
66, 2, 0.000
47, 36, 0.000
30, 36, 0.568
17, 17, 0.823
59, 33, 0.000
42, 43, 2.000
23, 31, 0.581
6, 61, 0.500
45, 14, 0.167
10, 48, 0.500
32, 13, 0.792
13, 37, 0.784
35, 8, 1.056
18, 48, 0.200
60, 0, 2.000
11, 19, 0.823
50, 42, 0.000
14, 60, 3.000
18, 67, 0.000
1, 25, 2.330
39, 12, 0.402
26, 3, 1.405
48, 28, 3.000
29, 22, 0.628
15, 39, 0.743
54, 6, 1.000
19, 32, 0.829
5, 29, 1.218
27, 32, 0.692
30, 47, 0.000
34, 50, 0.000
17, 10, 0.982
20, 1, 1.902
24, 68, 0.250
23, 20, 0.572
6, 52, 0.000
45, 7, 0.750
10, 59, 0.000
32, 4, 1.216
31, 52, 0.000
18, 43, 0.619
38, 46, 0.000
11, 8, 1.161
50, 37, 0.000
14, 7, 1.177
36, 16, 0.601
1, 18, 1.884
39, 5, 0.679
26, 10, 0.758
48, 19, 0.375
15, 44, 0.385
19, 41, 1.135
2, 51, 3.000
22, 54, 0.500
5, 6, 1.468
9, 67, 0.000
66, 20, 2.000
47, 42, 0.000
30, 22, 0.448
52, 39, 0.000
17, 3, 1.598
20, 8, 0.926
3, 48, 0.800
42, 29, 0.571
23, 45, 0.250
6, 47, 0.600
45, 0, 1.389
10, 34, 0.613
32, 27, 0.518
25, 67, 2.000
18, 34, 0.740
57, 5, 0.000
38, 33, 1.143
3, 65, 1.400
60, 22, 0.000
8, 20, 0.899
11, 1, 2.000
14, 14, 0.944
36, 31, 0.152
39, 2, 0.953
26, 21, 0.565
48, 10, 0.500
51, 7, 1.000
15, 53, 0.500
19, 46, 1.444
2, 10, 1.858
24, 35, 0.720
5, 15, 1.325
9, 68, 0.000
30, 25, 0.477
17, 4, 1.359
20, 23, 0.568
3, 57, 0.000
42, 4, 0.889
23, 42, 1.312
6, 38, 0.816
10, 45, 1.000
67, 20, 0.000
32, 18, 0.709
18, 29, 0.596
57, 14, 0.000
8, 27, 0.937
7, 61, 0.000
11, 6, 1.262
14, 17, 0.920
36, 6, 0.747
61, 10, 0.000
26, 28, 0.514
48, 1, 3.000
12, 31, 0.760
51, 12, 0.444
15, 50, 0.000
2, 5, 1.798
24, 42, 0.647
5, 8, 1.474
10, 69, 0.000
30, 0, 3.195
52, 53, 0.000
55, 8, 0.000
20, 30, 0.752
3, 62, 3.000
42, 15, 0.706
23, 35, 0.451
6, 25, 1.006
28, 46, 1.333
67, 29, 0.500
32, 41, 0.286
31, 35, 0.562
35, 36, 0.333
18, 20, 0.734
57, 23, 0.000
60, 36, 0.000
43, 36, 0.429
8, 2, 1.856
7, 58, 3.000
11, 63, 1.000
33, 14, 0.665
14, 24, 0.687
36, 13, 1.321
61, 3, 0.667
12, 22, 0.704
51, 21, 0.000
15, 59, 0.000
2, 28, 1.633
24, 49, 0.500
27, 12, 0.561
30, 11, 0.782
0, 42, 2.562
55, 1, 0.000
20, 37, 0.539
3, 39, 1.207
6, 16, 1.232
28, 37, 0.585
32, 32, 0.795
13, 66, 0.000
35, 45, 0.000
18, 15, 0.871
57, 24, 0.000
40, 32, 0.000
21, 2, 1.629
43, 29, 0.222
8, 9, 1.212
7, 51, 0.857
11, 52, 0.500
33, 7, 1.024
16, 57, 0.000
36, 52, 3.000
39, 41, 0.500
7, 64, 0.200
12, 13, 0.953
15, 0, 3.731
37, 19, 0.532
2, 23, 1.687
27, 5, 1.114
49, 16, 1.250
0, 33, 3.018
20, 44, 0.188
3, 44, 0.970
13, 65, 0.000
6, 11, 1.270
67, 11, 0.667
32, 39, 1.077
31, 17, 0.680
53, 36, 0.000
18, 6, 1.153
57, 33, 0.000
40, 39, 1.250
21, 11, 0.830
43, 18, 0.429
8, 48, 0.600
7, 40, 0.766
11, 45, 0.474
33, 24, 0.789
16, 48, 0.000
58, 0, 0.000
39, 38, 0.429
61, 21, 7.000
9, 23, 0.824
12, 4, 1.473
15, 9, 0.998
37, 28, 0.595
20, 68, 0.000
27, 26, 0.620
49, 9, 0.909
0, 56, 0.000
20, 43, 0.286
3, 21, 1.486
25, 32, 0.891
6, 2, 1.856
64, 5, 0.500
28, 59, 0.000
31, 30, 0.493
14, 66, 0.200
18, 1, 1.876
40, 46, 0.000
21, 20, 0.705
4, 60, 0.000
43, 11, 0.742
7, 33, 1.000
46, 4, 1.056
11, 34, 0.944
68, 17, 0.000
33, 17, 0.619
58, 11, 2.000
44, 42, 0.000
9, 24, 0.873
12, 3, 1.575
15, 22, 0.722
37, 5, 1.058
20, 67, 0.000
24, 6, 0.978
27, 19, 0.717
49, 2, 1.400
13, 28, 0.695
52, 9, 0.000
0, 63, 2.429
3, 26, 1.390
25, 41, 0.360
6, 5, 1.481
28, 50, 0.333
25, 68, 0.000
14, 69, 0.000
40, 21, 0.613
21, 29, 0.573
43, 0, 2.568
8, 62, 2.400
7, 30, 1.120
46, 15, 0.462
29, 45, 0.000
68, 24, 0.200
33, 42, 1.000
16, 46, 0.556
36, 33, 1.158
58, 18, 0.000
44, 33, 1.000
9, 1, 2.045
48, 36, 0.000
12, 58, 1.333
34, 11, 0.935
15, 31, 0.575
37, 14, 0.515
24, 13, 0.705
13, 21, 0.726
52, 16, 1.000
3, 3, 1.746
25, 50, 0.000
64, 19, 0.000
28, 9, 0.771
31, 12, 0.697
1, 41, 1.133
40, 28, 0.300
21, 38, 0.520
4, 34, 1.351
8, 37, 0.879
7, 23, 1.060
46, 22, 0.125
29, 38, 0.190
68, 7, 0.000
33, 35, 1.257
16, 37, 0.477
36, 40, 0.462
37, 18, 0.494
58, 29, 0.000
41, 35, 1.000
22, 15, 0.713
44, 24, 0.091
9, 10, 1.058
12, 49, 0.700
34, 2, 1.772
17, 58, 0.000
24, 20, 0.717
62, 1, 7.000
13, 14, 0.972
23, 59, 0.000
0, 13, 3.796
38, 30, 0.417
3, 8, 1.673
25, 59, 0.000
28, 0, 3.236
50, 21, 0.000
1, 34, 1.728
40, 3, 0.929
21, 47, 1.250
4, 41, 1.327
8, 44, 0.286
7, 12, 1.140
65, 13, 0.000
46, 25, 0.667
68, 14, 0.000
33, 36, 0.864
16, 28, 0.781
41, 36, 0.100
22, 6, 1.043
5, 54, 0.000
44, 23, 0.889
9, 51, 0.250
12, 40, 0.738
34, 29, 0.333
17, 51, 0.333
37, 48, 0.000
59, 15, 0.000
24, 27, 0.677
62, 8, 2.400
10, 18, 0.942
49, 53, 0.000
13, 7, 1.206
0, 4, 3.412
38, 17, 0.563
8, 68, 0.000
28, 31, 0.456
50, 12, 1.167
1, 59, 9.000
40, 10, 0.697
21, 40, 0.606
4, 16, 1.413
26, 37, 0.346
7, 5, 1.454
65, 6, 0.500
46, 32, 0.000
16, 19, 0.802
54, 32, 0.000
58, 47, 0.000
41, 45, 0.000
22, 25, 0.524
5, 63, 2.667
44, 14, 0.143
9, 52, 0.500
47, 3, 0.800
12, 39, 0.566
34, 20, 0.690
17, 52, 0.000
42, 52, 0.000
5, 64, 0.500
45, 41, 0.000
10, 29, 0.721
13, 0, 3.781
0, 27, 3.439
38, 8, 0.893
25, 5, 1.161
63, 16, 0.000
28, 22, 0.694
50, 7, 0.500
14, 33, 0.623
53, 10, 0.000
1, 60, 8.000
21, 49, 0.000
4, 31, 1.450
26, 44, 0.000
7, 2, 1.841
46, 43, 0.000
16, 10, 0.937
19, 7, 1.036
41, 22, 0.625
22, 16, 0.759
5, 56, 0.000
44, 5, 0.943
47, 8, 0.333
30, 48, 1.333
34, 47, 0.000
17, 45, 0.000
56, 0, 0.000
37, 34, 0.625
59, 29, 0.000
45, 34, 0.000
10, 4, 1.472
35, 20, 0.689
0, 18, 3.693
38, 3, 1.118
17, 26, 0.577
25, 14, 0.682
63, 25, 1.000
14, 40, 0.875
21, 58, 0.000
4, 6, 1.554
65, 16, 0.000
29, 10, 0.718
16, 1, 1.945
19, 12, 0.884
2, 44, 0.357
41, 31, 0.500
22, 43, 0.591
5, 33, 1.079
9, 38, 0.992
47, 17, 0.000
30, 59, 0.000
69, 4, 0.000
34, 38, 0.250
17, 38, 0.677
56, 7, 0.000
37, 43, 0.500
59, 18, 4.500
23, 8, 0.903
6, 64, 0.333
45, 27, 0.667
10, 15, 0.954
13, 50, 0.500
35, 29, 0.512
18, 63, 3.000
25, 23, 0.484
63, 6, 1.333
14, 51, 1.333
1, 14, 2.164
39, 25, 0.520
4, 13, 1.456
29, 3, 1.577
51, 42, 0.000
11, 68, 0.000
19, 21, 0.688
2, 39, 1.031
41, 0, 2.300
22, 34, 0.435
5, 42, 1.280
9, 47, 0.500
66, 8, 1.125
47, 30, 0.000
30, 34, 0.718
69, 13, 0.000
34, 33, 0.967
17, 31, 0.636
42, 33, 1.000
23, 1, 1.941
6, 59, 0.000
45, 20, 0.625
13, 43, 0.300
35, 2, 1.497
60, 10, 0.000
25, 24, 0.618
63, 15, 1.000
11, 29, 0.733
1, 7, 2.063
39, 22, 0.365
29, 28, 0.614
54, 12, 0.000
19, 26, 0.536
2, 62, 3.000
41, 9, 0.625
22, 37, 0.645
5, 19, 1.221
27, 42, 0.300
66, 3, 0.000
30, 37, 0.846
17, 16, 0.914
55, 39, 1.000
42, 40, 0.333
23, 30, 0.672
6, 50, 0.000
45, 13, 0.067
10, 49, 0.000
32, 14, 0.698
13, 36, 1.275
35, 11, 0.806
18, 49, 0.333
60, 1, 8.000
11, 18, 0.878
14, 61, 1.000
18, 64, 1.000
1, 24, 1.908
39, 15, 0.718
26, 0, 3.405
48, 29, 0.000
29, 21, 0.615
15, 38, 0.700
54, 7, 0.333
19, 35, 0.762
22, 60, 0.000
5, 28, 1.239
27, 35, 0.702
66, 26, 0.667
30, 44, 0.000
17, 9, 1.014
20, 2, 1.707
42, 19, 0.243
23, 23, 0.502
6, 53, 0.000
45, 6, 1.000
10, 56, 1.000
32, 5, 1.117
35, 48, 0.000
18, 40, 0.380
57, 3, 0.000
11, 11, 0.973
50, 34, 0.000
14, 4, 1.510
36, 17, 0.688
1, 17, 2.047
39, 4, 1.069
22, 68, 0.333
26, 11, 0.758
48, 20, 1.200
51, 1, 0.000
15, 47, 0.000
54, 30, 0.000
19, 40, 0.511
2, 48, 0.000
22, 55, 0.000
5, 5, 1.583
9, 66, 0.889
66, 21, 0.000
30, 23, 0.605
17, 2, 1.746
20, 9, 0.949
3, 51, 0.000
42, 26, 0.409
25, 66, 0.000
6, 44, 0.524
10, 35, 0.681
32, 28, 0.812
18, 35, 0.634
38, 38, 0.000
3, 64, 0.667
43, 41, 0.000
8, 21, 0.898
11, 0, 3.836
14, 15, 0.933
36, 24, 0.466
26, 18, 0.634
48, 11, 0.357
51, 6, 0.000
15, 52, 0.000
54, 17, 0.000
19, 49, 0.000
2, 11, 1.828
24, 36, 0.536
5, 14, 1.353
27, 49, 0.333
47, 50, 0.000
30, 30, 0.370
52, 47, 0.000
20, 16, 0.783
3, 56, 0.000
42, 5, 1.306
23, 37, 0.689
6, 39, 0.860
10, 42, 0.250
32, 19, 0.850
31, 37, 1.200
18, 26, 0.642
43, 46, 0.000
8, 28, 0.861
7, 60, 2.000
11, 57, 4.000
14, 22, 0.754
36, 7, 1.135
26, 29, 0.512
48, 2, 0.000
12, 24, 0.620
51, 15, 0.000
15, 61, 3.333
2, 2, 2.077
24, 43, 0.571
27, 54, 0.000
10, 66, 0.750
30, 1, 2.075
55, 11, 0.000
20, 31, 0.731
3, 33, 1.403
42, 12, 0.673
23, 34, 0.370
6, 30, 1.100
28, 47, 0.200
32, 42, 0.000
31, 34, 0.833
35, 39, 0.444
18, 21, 0.733
4, 64, 1.000
43, 39, 0.000
8, 3, 1.677
7, 53, 0.667
68, 37, 0.000
33, 13, 0.672
14, 25, 0.681
36, 14, 0.679
39, 51, 0.000
12, 23, 0.735
51, 20, 0.000
15, 58, 0.000
19, 63, 0.250
2, 29, 1.880
24, 50, 0.333
27, 15, 0.655
30, 8, 1.028
0, 43, 2.676
55, 0, 7.000
20, 38, 0.237
3, 38, 1.168
31, 40, 0.182
6, 17, 1.174
64, 8, 1.000
28, 38, 0.484
67, 5, 0.000
32, 33, 0.364
31, 43, 0.000
35, 44, 0.000
18, 12, 0.847
40, 33, 0.571
21, 1, 2.056
43, 28, 0.091
8, 10, 1.131
7, 50, 0.444
11, 55, 0.000
68, 44, 0.000
33, 6, 1.047
16, 58, 0.000
36, 53, 0.000
58, 6, 1.000
39, 40, 1.250
44, 53, 0.000
7, 67, 1.000
12, 14, 0.986
15, 3, 1.514
19, 68, 0.000
2, 20, 1.709
24, 57, 0.000
27, 4, 1.330
49, 23, 0.750
52, 4, 0.000
0, 34, 2.746
20, 45, 0.625
3, 47, 0.727
23, 48, 0.000
6, 8, 1.342
64, 15, 0.333
67, 10, 0.250
31, 16, 0.745
18, 7, 1.122
40, 40, 1.000
21, 10, 0.846
43, 21, 0.421
8, 49, 0.333
7, 43, 0.778
46, 2, 1.583
11, 44, 1.241
33, 31, 0.340
16, 49, 1.333
36, 60, 0.000
58, 1, 5.000
39, 33, 0.800
44, 44, 0.000
9, 22, 0.780
12, 5, 1.358
16, 64, 0.000
15, 8, 1.046
37, 27, 0.512
20, 69, 0.000
24, 0, 3.493
27, 29, 0.404
49, 8, 0.267
52, 3, 1.000
0, 57, 1.500
55, 22, 0.000
20, 52, 0.500
3, 20, 1.457
25, 39, 0.667
6, 3, 1.676
64, 6, 0.333
25, 69, 0.000
14, 67, 0.000
53, 44, 0.000
40, 47, 0.000
21, 19, 0.682
4, 61, 0.000
43, 10, 0.167
8, 56, 0.000
7, 32, 1.170
46, 5, 0.737
11, 37, 0.728
68, 18, 0.000
33, 16, 0.670
16, 40, 0.500
41, 48, 0.000
44, 43, 0.000
9, 31, 0.845
12, 60, 0.667
15, 17, 0.817
37, 4, 1.207
24, 7, 0.903
27, 18, 0.706
49, 1, 0.000
13, 27, 0.780
52, 10, 0.000
0, 48, 2.200
20, 51, 0.000
3, 29, 1.608
25, 40, 0.333
28, 51, 0.000
