32, 54, 1.000, 1
31, 6, 2.349, 459
40, 22, 1.677, 31
21, 28, 1.618, 406
4, 36, 2.418, 184
43, 3, 3.296, 27
7, 25, 2.178, 1547
46, 12, 1.467, 15
29, 44, 1.400, 5
68, 25, 1.000, 3
33, 41, 1.143, 14
16, 47, 1.000, 4
36, 34, 3.000, 8
1, 64, 5.667, 3
58, 19, 1.500, 2
44, 34, 1.000, 3
9, 0, 5.818, 14939
48, 37, 1.000, 1
34, 8, 1.982, 281
15, 30, 1.733, 423
37, 13, 1.564, 133
24, 14, 1.858, 1471
13, 20, 1.978, 2643
52, 17, 1.000, 5
0, 55, 4.000, 1
3, 2, 2.995, 9640
25, 49, 1.800, 5
28, 10, 1.894, 847
50, 27, 1.500, 2
31, 15, 1.799, 333
1, 40, 2.694, 36
40, 29, 1.615, 13
21, 37, 1.746, 67
4, 35, 2.619, 239
8, 38, 1.992, 123
7, 22, 2.247, 2588
65, 11, 2.250, 4
46, 23, 1.375, 8
29, 37, 1.448, 29
33, 34, 1.586, 29
16, 38, 1.422, 64
36, 41, 1.200, 10
41, 34, 1.600, 10
22, 12, 1.890, 2383
44, 25, 1.333, 18
9, 9, 2.236, 9531
12, 50, 2.333, 6
34, 3, 2.393, 275
59, 9, 1.500, 2
24, 21, 1.600, 910
24, 66, 4.000, 2
49, 51, 1.000, 1
13, 13, 2.019, 5221
52, 24, 1.000, 3
0, 14, 6.249, 8892
38, 31, 2.154, 13
3, 11, 2.873, 6516
28, 1, 3.812, 511
50, 18, 2.000, 4
53, 7, 1.500, 6
1, 33, 4.285, 207
40, 4, 2.333, 69
21, 46, 1.500, 12
4, 42, 2.519, 52
8, 45, 1.421, 19
7, 15, 2.352, 5521
65, 12, 6.000, 2
46, 30, 2.333, 3
68, 15, 1.000, 4
33, 59, 1.000, 1
16, 29, 1.763, 490
2, 64, 2.500, 6
41, 43, 1.000, 3
22, 7, 2.283, 2597
5, 53, 2.000, 3
44, 16, 1.762, 21
9, 50, 1.500, 2
47, 5, 1.167, 6
12, 41, 2.067, 60
34, 26, 1.803, 76
17, 50, 1.417, 12
59, 14, 2.000, 2
24, 28, 1.521, 332
62, 9, 1.000, 1
10, 19, 2.116, 3485
13, 6, 2.362, 6778
0, 5, 5.035, 17981
38, 22, 1.432, 44
25, 3, 3.016, 1297
8, 69, 1.000, 1
28, 24, 1.535, 344
50, 13, 1.250, 4
53, 0, 1.500, 2
1, 58, 5.000, 2
40, 11, 1.915, 71
21, 55, 1.000, 1
4, 17, 2.622, 4070
26, 34, 1.789, 71
7, 4, 2.749, 10089
65, 5, 3.500, 4
11, 65, 2.250, 4
16, 20, 1.881, 2096
19, 1, 3.200, 2006
17, 64, 2.000, 1
41, 44, 1.000, 1
22, 30, 1.494, 239
5, 62, 1.500, 4
44, 15, 1.143, 14
27, 65, 1.000, 1
47, 2, 4.000, 5
12, 32, 1.746, 334
34, 21, 1.612, 129
17, 43, 1.875, 24
59, 7, 1.000, 1
10, 26, 1.846, 1269
13, 63, 18.000, 1
0, 28, 5.721, 1134
38, 9, 2.014, 138
17, 27, 1.833, 664
25, 4, 2.788, 1339
63, 19, 1.500, 4
28, 23, 1.761, 330
50, 4, 1.167, 6
14, 38, 1.630, 81
53, 9, 1.000, 2
21, 48, 1.000, 4
4, 24, 2.788, 1604
26, 45, 1.143, 7
65, 30, 2.000, 1
46, 40, 1.000, 1
29, 48, 1.000, 1
16, 11, 2.023, 4541
19, 6, 2.398, 3573
41, 21, 1.208, 24
22, 17, 1.785, 1602
5, 39, 2.450, 80
44, 6, 1.500, 20
9, 60, 1.000, 2
47, 11, 1.357, 14
34, 44, 1.000, 2
17, 44, 1.083, 12
56, 1, 1.000, 1
37, 33, 1.471, 17
59, 28, 2.000, 2
45, 33, 1.000, 3
10, 5, 2.619, 8492
35, 23, 1.543, 105
0, 19, 6.144, 4659
38, 0, 5.358, 109
25, 13, 1.874, 1314
14, 41, 1.588, 51
53, 18, 1.500, 4
1, 52, 2.000, 1
4, 7, 2.724, 9946
46, 51, 1.000, 1
29, 9, 1.961, 685
16, 2, 3.186, 3727
19, 15, 1.850, 2545
2, 45, 1.867, 15
41, 30, 1.444, 18
22, 40, 1.571, 35
5, 32, 2.338, 373
9, 37, 1.745, 149
66, 14, 1.200, 5
47, 16, 1.000, 5
69, 3, 1.000, 1
34, 39, 1.000, 9
17, 37, 1.691, 94
56, 8, 1.000, 1
37, 42, 1.000, 2
42, 39, 1.286, 7
23, 11, 1.914, 2191
6, 65, 1.600, 5
45, 26, 1.200, 5
10, 12, 2.093, 6971
13, 49, 1.000, 1
35, 28, 2.178, 45
60, 12, 2.667, 3
25, 22, 1.630, 643
63, 1, 4.000, 3
14, 48, 1.667, 6
1, 13, 3.448, 3882
39, 24, 2.048, 42
4, 14, 2.780, 5446
29, 2, 3.400, 515
19, 20, 1.822, 1661
2, 36, 2.609, 151
41, 7, 2.636, 66
22, 35, 1.708, 96
5, 41, 2.426, 68
9, 46, 1.423, 26
66, 9, 4.444, 9
47, 25, 5.000, 6
30, 35, 1.486, 37
69, 12, 1.250, 4
17, 30, 1.746, 354
23, 0, 6.267, 2629
62, 37, 1.000, 1
45, 19, 1.100, 10
10, 55, 5.000, 1
32, 8, 1.997, 374
13, 42, 1.524, 42
35, 5, 2.333, 219
25, 31, 1.523, 151
63, 14, 2.667, 3
11, 28, 1.894, 860
14, 59, 2.000, 2
1, 6, 3.295, 7164
39, 17, 1.518, 56
26, 6, 2.183, 1259
29, 27, 1.596, 183
51, 50, 1.000, 1
39, 26, 1.200, 25
19, 29, 1.619, 396
2, 63, 7.000, 1
41, 8, 2.074, 68
5, 18, 2.533, 3871
27, 45, 2.375, 8
66, 0, 1.000, 1
30, 42, 1.333, 9
17, 23, 1.755, 1345
20, 4, 2.587, 2816
23, 25, 1.618, 589
6, 51, 1.000, 3
45, 12, 1.450, 20
32, 15, 2.060, 282
13, 35, 1.644, 194
35, 10, 1.734, 229
18, 46, 1.333, 12
38, 53, 1.000, 1
60, 2, 2.000, 3
11, 21, 1.970, 2606
14, 2, 3.209, 4573
18, 65, 1.000, 1
1, 31, 3.511, 266
39, 14, 2.350, 60
22, 66, 1.400, 5
26, 1, 3.483, 663
48, 30, 2.333, 3
29, 20, 1.805, 348
15, 33, 1.526, 230
19, 34, 1.796, 137
2, 54, 1.000, 1
5, 27, 2.297, 980
27, 34, 1.559, 59
47, 47, 1.000, 2
30, 45, 2.000, 1
34, 48, 1.000, 2
17, 8, 2.268, 4513
0, 64, 7.000, 3
20, 3, 2.776, 2674
42, 16, 2.100, 30
23, 22, 1.572, 930
6, 42, 2.400, 40
45, 5, 2.391, 23
10, 57, 2.500, 2
32, 6, 2.310, 407
35, 51, 1.000, 1
18, 41, 1.580, 50
38, 44, 1.750, 4
11, 10, 2.143, 7732
50, 35, 1.000, 3
14, 5, 2.654, 5966
36, 18, 1.678, 118
1, 16, 3.459, 2830
39, 7, 1.782, 101
26, 8, 2.011, 1329
48, 21, 1.000, 3
51, 0, 4.500, 2
15, 46, 1.462, 13
19, 43, 1.727, 22
2, 49, 8.600, 5
5, 4, 2.768, 10731
9, 65, 1.375, 8
66, 18, 1.000, 2
47, 52, 1.000, 1
30, 20, 1.780, 277
17, 1, 3.513, 2759
20, 10, 2.043, 3144
3, 50, 1.600, 5
42, 27, 1.273, 11
23, 47, 1.500, 10
6, 45, 2.600, 20
10, 32, 1.809, 376
67, 17, 2.333, 3
32, 29, 1.537, 67
18, 32, 1.530, 230
57, 11, 7.000, 1
38, 39, 1.400, 5
17, 28, 1.704, 521
60, 16, 2.500, 4
43, 40, 1.000, 4
8, 22, 2.126, 2666
11, 3, 2.876, 6648
14, 12, 2.049, 5133
36, 25, 1.538, 52
61, 15, 4.333, 3
26, 19, 1.640, 681
48, 12, 1.471, 17
51, 9, 1.375, 8
15, 55, 1.000, 2
54, 22, 1.000, 1
19, 48, 1.556, 9
2, 8, 3.020, 7603
24, 37, 1.634, 41
5, 13, 2.593, 6245
27, 48, 1.000, 5
30, 31, 1.391, 69
52, 40, 2.000, 1
55, 13, 1.000, 3
20, 17, 1.804, 1977
3, 59, 2.000, 4
42, 2, 3.033, 30
23, 36, 1.641, 64
6, 36, 2.030, 168
10, 43, 1.395, 38
67, 22, 2.000, 2
32, 20, 1.642, 212
31, 36, 1.188, 32
35, 33, 1.583, 36
18, 27, 1.753, 590
57, 12, 1.000, 1
40, 52, 2.000, 1
43, 33, 1.000, 3
8, 29, 2.123, 723
7, 63, 4.333, 3
11, 56, 1.000, 1
33, 11, 1.852, 277
14, 23, 1.737, 1691
36, 0, 4.973, 220
39, 53, 1.000, 1
61, 8, 1.000, 1
26, 26, 1.556, 322
48, 3, 1.667, 6
12, 25, 1.720, 1413
51, 14, 1.500, 2
15, 60, 1.500, 2
2, 3, 3.013, 9653
24, 44, 1.364, 11
27, 9, 2.099, 1106
10, 67, 1.750, 4
47, 58, 1.000, 1
30, 6, 2.182, 625
55, 10, 5.000, 1
20, 24, 1.862, 978
3, 32, 3.058, 346
42, 13, 1.500, 42
13, 67, 1.200, 5
6, 31, 2.308, 461
28, 40, 1.667, 15
67, 31, 1.000, 1
32, 43, 1.111, 9
31, 45, 1.000, 4
35, 38, 1.214, 14
18, 18, 1.858, 2281
21, 7, 2.191, 2977
4, 65, 2.667, 3
43, 38, 1.833, 6
8, 4, 2.753, 9348
7, 52, 1.800, 5
11, 49, 1.500, 10
33, 12, 1.743, 284
14, 30, 1.763, 418
36, 15, 1.736, 144
61, 1, 2.000, 2
7, 69, 1.000, 1
12, 16, 2.017, 4302
51, 23, 1.500, 2
15, 5, 2.648, 5262
2, 26, 3.201, 832
24, 51, 3.000, 1
27, 14, 1.758, 823
30, 9, 2.025, 596
0, 44, 4.053, 19
55, 3, 2.000, 1
20, 39, 1.356, 59
3, 41, 2.976, 42
6, 22, 2.330, 2533
64, 9, 3.500, 2
28, 39, 1.452, 31
67, 4, 1.000, 1
32, 34, 1.742, 31
31, 42, 1.700, 10
35, 47, 1.000, 2
18, 13, 2.031, 3189
57, 30, 1.000, 1
40, 34, 1.125, 8
21, 0, 6.075, 3721
43, 31, 1.143, 7
8, 11, 2.363, 8116
7, 45, 1.588, 17
11, 54, 1.000, 3
33, 5, 2.516, 312
58, 7, 3.000, 2
39, 43, 1.250, 4
44, 54, 2.000, 1
7, 66, 2.000, 5
12, 15, 2.004, 4580
15, 2, 3.127, 4151
37, 17, 1.611, 90
2, 21, 2.957, 1736
27, 7, 2.148, 1064
49, 22, 2.333, 3
52, 5, 1.500, 4
0, 35, 4.843, 287
55, 24, 1.000, 1
20, 46, 1.500, 8
3, 46, 2.267, 15
23, 51, 1.667, 3
6, 9, 2.378, 9360
64, 0, 7.500, 2
67, 13, 1.200, 5
31, 19, 1.704, 253
18, 4, 2.714, 3817
40, 41, 1.000, 2
21, 9, 2.024, 3033
43, 20, 2.435, 23
8, 50, 2.000, 6
7, 42, 1.786, 42
46, 3, 2.357, 14
11, 47, 1.286, 14
68, 20, 2.000, 2
33, 30, 1.500, 48
16, 50, 1.167, 6
39, 32, 1.583, 12
61, 19, 1.000, 1
44, 45, 1.000, 1
9, 21, 2.013, 2970
48, 40, 1.000, 1
12, 6, 2.424, 7318
16, 65, 2.000, 1
15, 11, 2.034, 4928
37, 26, 1.354, 48
24, 1, 3.729, 988
62, 18, 4.000, 1
27, 28, 1.595, 222
49, 15, 2.333, 3
52, 12, 1.333, 3
0, 58, 1.000, 1
3, 23, 2.646, 1711
25, 38, 1.515, 33
6, 0, 5.339, 17525
64, 7, 2.000, 5
32, 48, 2.250, 4
31, 24, 1.576, 184
53, 43, 2.000, 1
40, 16, 1.489, 47
21, 18, 1.818, 1548
43, 13, 1.357, 42
8, 57, 1.000, 2
7, 35, 2.004, 236
46, 10, 1.375, 16
11, 36, 2.456, 171
68, 19, 1.000, 3
33, 23, 2.080, 138
16, 41, 2.323, 31
36, 36, 1.053, 19
37, 20, 1.551, 89
58, 9, 2.000, 3
44, 36, 1.000, 2
9, 30, 1.978, 603
12, 61, 1.000, 1
34, 14, 1.686, 188
15, 16, 2.014, 3266
37, 3, 3.554, 130
24, 8, 1.986, 1939
62, 21, 5.500, 2
27, 21, 1.705, 502
49, 0, 1.000, 5
13, 26, 1.882, 1100
52, 11, 2.500, 2
0, 49, 1.000, 5
20, 60, 1.000, 1
3, 28, 2.595, 667
25, 47, 4.833, 6
28, 12, 1.725, 770
32, 55, 1.000, 1
31, 1, 3.466, 268
53, 52, 1.000, 1
40, 23, 1.545, 33
21, 27, 1.710, 496
4, 37, 2.356, 135
43, 2, 2.962, 26
8, 32, 2.032, 370
7, 24, 2.081, 1914
46, 13, 1.750, 12
29, 43, 1.250, 8
68, 26, 2.000, 2
33, 40, 1.600, 5
16, 32, 1.947, 245
36, 35, 1.375, 16
58, 16, 1.000, 1
22, 10, 1.921, 2633
44, 35, 1.000, 6
9, 7, 2.437, 9641
12, 52, 1.250, 4
34, 9, 2.063, 238
15, 25, 1.731, 1150
37, 12, 1.680, 153
24, 15, 1.797, 1386
42, 23, 1.647, 17
13, 19, 1.987, 2846
52, 18, 1.000, 1
0, 8, 5.639, 15582
3, 5, 2.854, 10125
25, 48, 1.167, 6
64, 21, 1.000, 1
28, 11, 1.894, 859
50, 24, 1.400, 5
31, 14, 1.649, 390
1, 47, 2.500, 2
40, 30, 1.263, 19
21, 36, 1.524, 82
4, 44, 2.067, 30
8, 39, 2.162, 99
7, 17, 2.232, 4540
65, 10, 3.000, 10
46, 20, 1.400, 10
29, 36, 1.588, 34
33, 33, 1.581, 31
16, 39, 2.589, 73
36, 42, 1.667, 6
41, 33, 1.688, 16
22, 13, 1.907, 2143
44, 26, 1.000, 10
9, 8, 2.327, 9406
12, 51, 2.125, 8
34, 0, 5.098, 378
37, 53, 1.000, 3
59, 8, 1.000, 2
24, 22, 1.649, 818
62, 7, 1.000, 3
13, 12, 2.079, 5545
52, 25, 2.000, 4
0, 15, 6.268, 8324
38, 28, 1.595, 37
3, 10, 2.840, 7135
28, 2, 3.225, 600
50, 19, 1.667, 6
53, 6, 1.250, 4
1, 32, 3.286, 245
40, 5, 2.025, 80
21, 45, 2.083, 12
4, 43, 1.724, 29
8, 46, 1.786, 14
7, 14, 2.304, 6028
65, 3, 4.167, 6
46, 31, 1.000, 2
68, 8, 2.000, 4
16, 30, 1.646, 350
2, 65, 1.000, 1
17, 65, 1.500, 2
22, 4, 2.582, 2279
5, 52, 1.500, 4
44, 17, 1.100, 10
9, 49, 2.875, 8
47, 4, 3.308, 13
12, 42, 1.731, 52
34, 27, 1.523, 65
17, 49, 1.000, 10
37, 62, 1.000, 1
59, 1, 5.000, 1
24, 29, 1.566, 265
62, 14, 3.000, 2
45, 46, 1.000, 1
10, 16, 2.048, 4613
13, 5, 2.557, 6419
0, 6, 5.262, 16994
38, 23, 1.565, 62
25, 2, 3.148, 1022
63, 21, 1.000, 2
28, 25, 1.622, 267
50, 10, 2.273, 11
53, 15, 2.000, 2
40, 12, 1.800, 65
21, 54, 1.000, 2
4, 18, 2.720, 3678
26, 35, 1.708, 65
7, 7, 2.584, 10334
65, 4, 2.667, 3
46, 38, 1.000, 2
11, 64, 4.000, 3
16, 21, 1.848, 1869
19, 0, 6.164, 4893
41, 19, 1.676, 37
22, 31, 1.859, 213
5, 61, 2.167, 6
44, 8, 1.714, 21
9, 58, 2.000, 3
47, 13, 1.947, 19
12, 33, 1.703, 276
34, 18, 1.877, 162
17, 42, 1.900, 30
37, 39, 1.375, 8
59, 6, 1.333, 3
42, 50, 1.000, 1
45, 39, 1.000, 1
10, 27, 2.003, 1066
35, 17, 1.985, 133
0, 29, 5.780, 885
38, 14, 1.689, 90
25, 11, 1.823, 1482
63, 18, 5.000, 2
28, 16, 1.790, 572
50, 5, 1.200, 5
14, 39, 2.339, 62
53, 8, 1.500, 2
1, 50, 6.000, 2
21, 63, 1.000, 2
4, 25, 2.769, 1294
26, 42, 1.375, 24
46, 41, 1.000, 3
29, 15, 1.842, 513
16, 12, 2.001, 4301
19, 9, 2.039, 3678
41, 20, 1.268, 41
22, 22, 1.782, 1179
5, 38, 2.074, 108
44, 7, 2.935, 31
9, 35, 2.123, 219
47, 10, 1.333, 15
30, 54, 2.000, 1
69, 25, 1.000, 3
34, 45, 1.000, 1
17, 35, 1.852, 122
37, 32, 1.294, 17
23, 13, 1.814, 1849
45, 32, 1.000, 1
10, 2, 3.146, 6470
30, 65, 2.000, 1
13, 55, 1.000, 4
35, 22, 1.769, 91
0, 20, 6.296, 4073
38, 1, 3.375, 64
25, 12, 1.729, 1412
9, 59, 1.500, 2
14, 46, 1.286, 7
53, 17, 1.000, 3
1, 11, 3.363, 4784
4, 0, 4.974, 18847
26, 53, 1.000, 2
65, 22, 3.000, 2
29, 8, 2.176, 737
12, 64, 2.000, 1
51, 39, 1.000, 1
16, 3, 2.705, 4156
19, 14, 1.969, 2678
2, 42, 2.786, 28
41, 29, 1.300, 20
22, 41, 1.444, 27
5, 47, 1.125, 8
9, 36, 2.006, 158
66, 15, 2.000, 4
47, 19, 1.000, 13
34, 36, 3.000, 8
17, 36, 1.829, 123
56, 9, 1.000, 2
37, 41, 1.000, 9
42, 36, 1.333, 6
23, 10, 1.953, 2179
45, 25, 1.077, 13
10, 13, 2.119, 6340
13, 48, 1.778, 9
35, 31, 1.706, 34
60, 13, 6.000, 1
25, 21, 1.689, 721
63, 0, 3.429, 7
14, 49, 1.500, 10
53, 26, 1.000, 2
1, 12, 3.428, 4361
39, 27, 1.429, 14
4, 15, 2.698, 4961
29, 1, 3.298, 392
21, 65, 1.000, 1
54, 11, 1.000, 3
19, 23, 1.753, 1167
2, 37, 2.789, 114
41, 6, 1.840, 75
22, 32, 1.669, 154
5, 40, 2.179, 78
9, 45, 1.450, 20
66, 6, 2.000, 2
47, 24, 1.750, 4
30, 32, 1.643, 56
69, 11, 1.000, 2
17, 29, 1.762, 453
42, 47, 1.000, 2
23, 3, 2.620, 1718
45, 18, 1.818, 11
10, 52, 1.000, 6
32, 9, 2.168, 410
31, 67, 1.000, 1
35, 4, 2.687, 246
18, 52, 1.000, 1
38, 51, 1.000, 2
60, 4, 2.000, 1
25, 30, 1.535, 155
11, 31, 1.976, 449
1, 5, 3.273, 7817
39, 16, 2.640, 75
26, 7, 2.119, 1313
48, 24, 2.333, 6
29, 26, 1.411, 209
54, 2, 1.000, 1
19, 28, 1.675, 495
2, 60, 2.000, 3
41, 15, 1.695, 59
5, 17, 2.656, 4284
27, 44, 1.364, 11
66, 1, 1.000, 1
47, 33, 4.000, 1
30, 43, 1.300, 10
34, 54, 1.000, 1
17, 22, 1.806, 1606
20, 5, 2.433, 3165
42, 22, 1.640, 25
23, 24, 1.622, 711
6, 48, 1.167, 6
45, 11, 1.529, 17
10, 63, 1.000, 2
32, 0, 5.015, 543
13, 34, 1.827, 191
35, 13, 1.643, 207
18, 47, 2.375, 8
38, 42, 1.000, 1
60, 3, 1.000, 4
11, 20, 1.932, 3045
50, 41, 1.000, 1
14, 3, 2.958, 5168
36, 20, 1.460, 100
1, 30, 3.369, 298
39, 9, 1.659, 91
22, 67, 2.000, 2
26, 14, 1.995, 1044
48, 31, 1.000, 1
29, 19, 1.543, 374
15, 32, 2.081, 272
54, 5, 1.500, 2
19, 37, 1.681, 91
2, 55, 1.500, 2
22, 50, 1.286, 7
5, 26, 2.307, 1167
27, 37, 1.488, 41
66, 24, 4.000, 2
30, 18, 1.945, 343
34, 49, 3.000, 1
17, 15, 1.940, 2883
20, 12, 1.853, 2825
42, 17, 2.103, 29
23, 17, 1.753, 1347
6, 43, 2.226, 31
45, 4, 2.235, 17
10, 38, 1.971, 104
32, 7, 2.321, 445
35, 50, 1.000, 3
18, 38, 1.469, 81
15, 67, 1.000, 2
8, 16, 2.301, 5075
11, 13, 2.082, 6080
50, 32, 1.000, 1
14, 10, 2.093, 5851
36, 19, 2.028, 106
1, 23, 3.402, 1078
39, 6, 2.216, 116
26, 9, 2.010, 1340
48, 22, 1.500, 2
51, 3, 1.000, 2
15, 41, 1.672, 64
54, 28, 1.000, 2
19, 42, 1.371, 35
2, 14, 3.258, 4446
22, 53, 1.500, 6
5, 3, 2.858, 10180
9, 64, 3.500, 2
66, 19, 1.667, 3
30, 21, 1.913, 300
17, 0, 6.319, 6623
20, 11, 1.936, 3058
3, 53, 3.000, 1
42, 24, 1.500, 22
23, 46, 1.333, 9
6, 34, 2.133, 255
10, 33, 1.891, 303
67, 16, 2.000, 5
32, 30, 1.643, 56
52, 31, 1.000, 1
18, 33, 1.735, 189
57, 10, 2.500, 2
38, 36, 1.250, 8
3, 66, 1.000, 1
43, 43, 1.000, 2
8, 23, 1.989, 2319
11, 2, 3.201, 5893
14, 13, 2.144, 4648
36, 26, 1.429, 42
13, 41, 1.455, 55
61, 14, 2.000, 1
26, 16, 1.725, 868
48, 13, 1.875, 8
51, 8, 3.500, 4
15, 54, 1.000, 1
19, 51, 1.000, 6
2, 9, 3.086, 6987
24, 38, 1.422, 45
5, 12, 2.640, 6938
30, 28, 1.443, 106
34, 67, 3.000, 1
55, 12, 1.667, 3
20, 18, 1.837, 1867
3, 58, 1.500, 2
42, 3, 2.651, 43
31, 46, 1.000, 2
6, 37, 2.393, 150
10, 40, 1.600, 70
67, 25, 6.000, 1
32, 21, 1.653, 222
31, 39, 1.412, 17
35, 32, 2.029, 34
18, 24, 1.890, 1024
43, 32, 1.000, 7
8, 30, 2.251, 566
7, 62, 1.000, 3
11, 59, 3.000, 1
33, 10, 1.818, 313
14, 20, 1.839, 2390
36, 1, 3.589, 124
32, 67, 1.000, 1
39, 52, 1.000, 1
61, 7, 1.000, 1
26, 27, 1.522, 255
48, 4, 1.556, 9
12, 26, 1.782, 1174
51, 17, 2.000, 5
15, 63, 3.000, 1
58, 30, 1.000, 1
19, 56, 1.500, 2
2, 0, 4.484, 19185
24, 45, 1.300, 10
27, 8, 2.023, 1100
10, 64, 1.500, 2
49, 27, 1.667, 3
30, 7, 2.347, 542
55, 5, 2.000, 1
20, 25, 1.739, 755
3, 35, 2.593, 189
42, 10, 1.462, 39
6, 28, 2.321, 815
28, 41, 1.000, 19
32, 44, 1.100, 10
31, 44, 1.375, 8
35, 41, 2.000, 6
18, 19, 1.753, 1941
21, 6, 2.277, 2960
4, 66, 1.000, 4
43, 25, 1.571, 14
8, 5, 2.654, 9970
11, 50, 1.500, 6
11, 48, 1.286, 14
33, 3, 2.886, 273
14, 31, 1.609, 396
36, 8, 2.127, 166
61, 0, 1.667, 3
7, 68, 1.200, 5
12, 17, 1.960, 3797
51, 22, 1.333, 3
15, 4, 2.709, 5108
19, 65, 1.750, 4
2, 27, 3.091, 761
24, 52, 1.000, 3
27, 1, 3.585, 561
49, 28, 1.500, 2
30, 14, 1.787, 418
0, 45, 2.667, 18
55, 2, 1.500, 2
20, 32, 1.722, 205
3, 40, 2.238, 84
23, 53, 1.000, 2
6, 23, 2.258, 2189
64, 10, 1.500, 2
28, 32, 1.560, 84
67, 7, 2.500, 2
32, 35, 2.031, 32
31, 21, 1.737, 259
35, 46, 1.000, 1
18, 10, 2.049, 3874
40, 35, 1.000, 7
21, 15, 1.797, 2064
43, 30, 1.000, 6
8, 12, 2.229, 7389
7, 44, 2.844, 32
11, 41, 1.600, 50
33, 4, 2.469, 311
16, 60, 2.500, 4
58, 4, 1.000, 1
39, 42, 1.000, 6
61, 25, 1.000, 1
9, 19, 2.022, 3610
12, 8, 2.236, 7448
23, 68, 1.000, 2
15, 13, 1.979, 4274
37, 16, 1.543, 94
2, 18, 3.224, 2841
24, 59, 1.500, 2
27, 6, 2.107, 1098
49, 21, 1.000, 3
52, 6, 1.000, 1
0, 36, 4.940, 200
20, 47, 1.000, 6
3, 17, 2.927, 3701
23, 50, 1.500, 2
6, 14, 2.536, 6076
64, 1, 5.667, 3
28, 63, 1.000, 1
67, 12, 1.667, 3
31, 18, 1.704, 247
18, 5, 2.522, 3916
40, 42, 1.333, 6
21, 8, 2.157, 3004
4, 48, 1.625, 8
43, 23, 1.167, 12
8, 51, 4.333, 3
7, 37, 2.401, 152
46, 0, 5.727, 11
11, 46, 2.647, 17
68, 21, 1.500, 2
33, 29, 1.750, 76
16, 51, 2.667, 3
58, 15, 1.500, 2
39, 35, 1.111, 9
9, 20, 2.125, 3275
48, 41, 1.000, 3
12, 7, 2.361, 7450
16, 66, 1.000, 1
15, 10, 2.092, 5276
37, 25, 1.480, 50
24, 2, 3.207, 1217
27, 31, 1.658, 114
49, 14, 1.636, 11
52, 13, 2.000, 3
0, 59, 2.556, 9
3, 22, 2.865, 1989
25, 37, 1.460, 50
6, 1, 3.338, 7388
28, 54, 1.333, 3
31, 27, 1.557, 115
14, 65, 1.333, 3
40, 17, 1.460, 50
21, 17, 1.822, 1705
4, 63, 1.333, 3
43, 12, 1.325, 40
8, 58, 1.000, 1
7, 34, 2.354, 257
46, 11, 2.929, 14
11, 39, 1.976, 84
68, 28, 1.000, 2
33, 22, 1.897, 145
16, 42, 2.038, 26
36, 37, 1.312, 16
44, 37, 1.000, 3
9, 29, 2.023, 666
48, 32, 2.667, 3
12, 62, 3.000, 3
34, 15, 1.756, 180
15, 19, 1.857, 2517
37, 2, 2.917, 120
24, 9, 2.042, 1910
27, 20, 1.655, 536
49, 7, 2.000, 9
13, 25, 1.860, 1301
52, 20, 1.000, 1
0, 50, 4.667, 3
3, 31, 3.057, 456
25, 46, 1.833, 6
28, 13, 1.699, 715
50, 30, 1.333, 3
31, 0, 5.274, 679
40, 24, 1.774, 31
21, 26, 1.653, 642
4, 38, 2.520, 123
43, 5, 2.182, 44
8, 33, 2.410, 356
7, 27, 2.123, 1030
46, 18, 1.333, 12
29, 42, 1.250, 8
68, 27, 1.500, 2
33, 47, 4.000, 1
16, 33, 1.801, 201
36, 44, 1.000, 2
58, 17, 1.500, 2
22, 11, 1.913, 2420
44, 28, 1.000, 9
9, 6, 2.373, 9499
12, 53, 1.500, 2
34, 6, 2.120, 274
15, 24, 1.809, 1399
37, 11, 1.832, 155
24, 16, 1.762, 1269
13, 18, 2.015, 3205
52, 19, 2.000, 3
0, 9, 5.809, 14411
38, 26, 1.263, 19
3, 4, 2.926, 10345
64, 22, 1.000, 1
28, 4, 2.751, 751
50, 25, 1.000, 6
31, 9, 2.038, 498
1, 46, 3.444, 9
40, 31, 1.222, 9
21, 35, 1.583, 115
4, 45, 3.421, 19
8, 40, 1.889, 72
7, 16, 2.421, 5027
65, 9, 1.375, 8
46, 21, 1.545, 11
29, 35, 1.902, 41
68, 2, 1.000, 2
33, 32, 1.600, 35
16, 24, 1.764, 1282
36, 43, 1.333, 6
17, 66, 2.200, 5
41, 32, 1.200, 5
22, 2, 3.335, 1739
44, 27, 1.308, 13
9, 15, 2.050, 5522
12, 44, 1.238, 21
34, 1, 2.782, 170
17, 63, 4.000, 2
37, 52, 1.000, 1
59, 11, 3.000, 1
24, 23, 1.630, 725
10, 22, 1.912, 2606
13, 11, 2.103, 6124
0, 0, 5.287, 48962
38, 29, 1.381, 21
3, 13, 2.901, 5381
8, 64, 4.000, 1
28, 3, 2.725, 681
50, 16, 1.200, 5
53, 5, 2.250, 4
1, 39, 3.286, 42
40, 6, 1.950, 100
21, 44, 1.692, 13
4, 20, 2.586, 2758
8, 47, 1.444, 9
7, 9, 2.449, 9571
65, 2, 1.000, 1
46, 28, 6.000, 3
68, 9, 1.143, 7
33, 57, 1.000, 1
16, 31, 1.737, 316
54, 44, 2.000, 1
41, 41, 1.000, 4
22, 5, 2.547, 2359
5, 51, 1.000, 4
44, 18, 2.562, 16
9, 48, 1.500, 10
47, 7, 1.867, 15
12, 43, 1.333, 42
34, 24, 1.644, 90
17, 48, 1.857, 7
59, 0, 2.556, 9
24, 30, 1.717, 205
5, 68, 1.000, 4
62, 15, 1.000, 1
10, 17, 2.154, 4248
13, 4, 2.706, 5894
0, 7, 5.621, 16066
38, 20, 1.438, 64
25, 1, 3.812, 796
63, 20, 1.000, 1
28, 26, 1.531, 260
50, 11, 1.500, 6
53, 14, 1.333, 3
1, 56, 1.000, 1
40, 13, 1.861, 72
4, 19, 2.805, 3131
26, 32, 1.632, 87
7, 6, 2.558, 10470
65, 27, 1.000, 1
11, 67, 1.333, 6
33, 50, 1.000, 1
16, 22, 1.816, 1776
19, 3, 2.954, 2972
41, 18, 1.588, 51
22, 28, 1.759, 415
5, 60, 1.000, 3
44, 9, 1.655, 29
9, 57, 3.000, 2
47, 12, 1.000, 7
12, 34, 1.662, 225
34, 19, 1.644, 132
17, 41, 2.703, 37
37, 38, 1.000, 9
59, 25, 1.500, 2
42, 51, 1.000, 1
10, 24, 1.908, 1859
13, 61, 1.500, 2
35, 16, 1.683, 167
0, 30, 5.518, 774
38, 15, 1.524, 103
25, 10, 1.894, 1571
28, 17, 1.685, 530
50, 2, 1.000, 1
14, 36, 1.574, 136
53, 23, 1.000, 2
1, 49, 1.000, 1
21, 62, 5.500, 2
4, 26, 2.361, 1060
26, 43, 2.000, 11
46, 46, 1.000, 1
29, 14, 1.684, 545
16, 13, 2.020, 3933
19, 8, 2.141, 3763
41, 27, 1.316, 19
22, 23, 1.599, 949
5, 37, 2.137, 139
44, 0, 5.048, 21
9, 34, 1.936, 235
47, 21, 3.125, 8
34, 42, 1.111, 9
17, 34, 1.630, 162
56, 3, 1.000, 1
37, 47, 1.000, 3
59, 30, 1.000, 1
23, 12, 1.850, 2084
45, 31, 1.000, 3
10, 3, 2.847, 7314
49, 36, 1.000, 1
35, 25, 1.529, 87
0, 21, 6.034, 3600
38, 6, 2.380, 142
25, 19, 1.735, 816
14, 47, 1.571, 14
31, 7, 2.102, 491
1, 10, 3.432, 5148
39, 29, 1.615, 13
4, 1, 3.188, 8410
26, 50, 1.000, 1
65, 21, 1.000, 1
29, 7, 2.141, 693
12, 65, 6.000, 2
51, 38, 1.000, 1
16, 4, 2.732, 4626
21, 66, 1.000, 2
19, 17, 1.867, 2072
2, 43, 1.909, 22
41, 28, 1.471, 17
22, 46, 1.429, 7
5, 46, 2.053, 19
9, 43, 1.511, 45
66, 12, 2.250, 4
47, 18, 3.875, 8
34, 37, 1.071, 14
15, 69, 1.667, 3
56, 10, 2.000, 1
37, 40, 1.462, 13
59, 23, 1.000, 1
42, 37, 1.000, 6
23, 5, 2.461, 1954
45, 24, 1.500, 10
10, 10, 2.227, 8548
13, 47, 2.000, 18
35, 30, 1.500, 40
18, 58, 1.000, 2
60, 14, 4.500, 2
25, 20, 1.767, 776
63, 3, 1.000, 3
11, 25, 1.835, 1455
14, 54, 1.000, 1
53, 25, 1.250, 4
1, 3, 3.180, 8842
21, 64, 1.000, 1
4, 8, 2.748, 9175
29, 0, 5.856, 919
54, 8, 1.667, 3
19, 22, 1.824, 1361
2, 34, 3.227, 207
41, 5, 2.208, 72
22, 33, 1.834, 145
5, 23, 2.425, 1940
9, 44, 1.577, 26
66, 7, 1.833, 6
47, 27, 1.000, 2
30, 33, 1.500, 50
69, 10, 1.000, 2
15, 66, 2.000, 4
42, 44, 1.000, 1
23, 2, 3.266, 1409
6, 62, 1.000, 1
45, 17, 1.071, 14
10, 53, 1.000, 1
32, 10, 1.796, 382
13, 40, 1.831, 65
35, 7, 2.071, 239
18, 53, 1.500, 4
38, 48, 1.000, 1
60, 5, 1.000, 3
25, 29, 1.433, 231
11, 30, 1.992, 486
50, 47, 1.000, 1
14, 57, 1.000, 1
18, 68, 1.000, 3
1, 4, 3.181, 8349
39, 19, 1.489, 47
26, 4, 2.403, 1092
48, 25, 1.000, 5
29, 25, 1.439, 228
54, 3, 1.000, 1
19, 31, 1.687, 252
41, 14, 1.580, 50
5, 16, 2.662, 4699
27, 47, 1.000, 4
47, 32, 1.000, 1
30, 40, 1.438, 16
17, 21, 1.831, 1719
55, 32, 1.000, 1
20, 6, 2.365, 3222
24, 65, 2.000, 1
23, 27, 1.716, 440
6, 49, 1.000, 4
45, 10, 2.786, 14
10, 60, 1.000, 2
32, 1, 3.129, 248
13, 33, 1.812, 266
35, 12, 1.958, 213
18, 44, 2.688, 16
38, 43, 1.833, 6
15, 64, 1.333, 3
11, 23, 1.864, 2176
14, 0, 6.354, 9283
36, 21, 1.533, 75
1, 29, 3.442, 378
39, 8, 2.029, 102
22, 64, 1.000, 1
26, 15, 1.639, 904
48, 16, 1.125, 8
29, 18, 1.618, 408
15, 35, 1.830, 171
19, 36, 2.096, 114
2, 52, 13.000, 1
22, 51, 1.250, 4
5, 25, 2.546, 1394
27, 36, 1.618, 55
66, 25, 2.000, 1
30, 19, 1.710, 300
52, 36, 2.000, 1
17, 14, 2.028, 3249
0, 66, 1.000, 1
20, 13, 1.974, 2624
42, 30, 1.333, 9
23, 16, 1.804, 1471
6, 40, 1.869, 99
45, 3, 3.294, 17
10, 39, 1.764, 106
67, 42, 3.000, 1
32, 24, 1.624, 149
31, 48, 1.000, 2
18, 39, 1.625, 56
57, 0, 4.500, 2
38, 34, 1.250, 12
43, 53, 2.000, 1
8, 17, 2.263, 4459
11, 12, 2.054, 6746
50, 33, 1.500, 2
14, 11, 2.136, 5431
36, 28, 1.105, 38
1, 22, 3.378, 1278
39, 1, 3.224, 49
26, 22, 1.552, 538
48, 23, 1.000, 5
51, 2, 4.500, 2
15, 40, 2.045, 66
19, 45, 1.091, 11
2, 15, 3.103, 3988
24, 32, 1.624, 141
5, 2, 2.940, 9474
66, 16, 1.000, 1
30, 26, 1.657, 140
17, 7, 2.232, 4602
20, 20, 1.730, 1563
3, 52, 11.000, 1
42, 25, 1.696, 23
23, 41, 1.857, 28
6, 35, 2.139, 237
10, 46, 1.529, 17
32, 31, 1.323, 62
18, 30, 1.871, 342
57, 9, 3.000, 2
38, 37, 1.100, 10
3, 69, 1.000, 1
43, 42, 2.667, 3
8, 24, 2.058, 1911
11, 5, 2.609, 7780
14, 18, 1.859, 3048
36, 27, 1.636, 55
32, 66, 1.000, 1
61, 13, 1.500, 2
26, 17, 1.604, 797
48, 14, 1.833, 6
12, 28, 1.746, 790
51, 11, 1.600, 5
15, 49, 2.333, 3
19, 50, 1.667, 6
2, 6, 2.963, 8709
24, 39, 2.023, 44
5, 11, 2.573, 7646
27, 50, 1.500, 2
30, 29, 1.642, 120
52, 42, 1.000, 1
55, 15, 1.000, 2
20, 19, 1.842, 1635
3, 61, 1.333, 3
42, 0, 5.065, 31
23, 38, 1.490, 51
6, 26, 2.216, 1238
10, 41, 1.613, 62
67, 24, 2.000, 1
32, 22, 1.765, 153
31, 38, 2.091, 11
35, 35, 1.632, 19
18, 25, 1.958, 890
4, 68, 1.833, 6
43, 35, 1.000, 4
8, 31, 2.143, 481
7, 57, 4.000, 1
11, 58, 2.000, 1
33, 9, 1.962, 320
14, 21, 1.896, 2171
36, 2, 2.773, 154
39, 55, 2.000, 1
61, 6, 1.500, 2
26, 24, 1.573, 487
48, 5, 2.250, 8
12, 27, 1.867, 1018
51, 16, 2.667, 3
15, 62, 1.000, 1
19, 59, 15.000, 1
2, 1, 3.276, 8830
24, 46, 2.000, 6
27, 11, 1.838, 1038
10, 65, 3.000, 10
49, 26, 3.000, 3
30, 4, 2.672, 534
20, 26, 1.646, 644
3, 34, 2.473, 264
42, 11, 1.691, 55
6, 29, 2.419, 685
28, 42, 1.350, 20
32, 45, 1.000, 1
13, 69, 1.000, 3
35, 40, 1.000, 4
18, 16, 1.957, 2561
21, 5, 2.468, 2748
4, 67, 1.000, 1
43, 24, 2.333, 15
8, 6, 2.517, 10153
7, 54, 2.000, 2
11, 51, 1.500, 6
33, 2, 3.027, 263
14, 28, 1.994, 674
36, 9, 1.958, 168
12, 18, 1.930, 3438
51, 25, 1.000, 3
15, 7, 2.379, 5631
37, 22, 1.672, 64
2, 24, 3.268, 1181
24, 53, 1.000, 1
27, 0, 5.978, 1336
49, 19, 1.083, 12
30, 15, 1.739, 426
0, 46, 6.667, 9
20, 33, 1.645, 166
3, 43, 3.120, 25
23, 52, 1.000, 2
6, 20, 2.353, 3155
64, 11, 5.667, 3
28, 33, 1.446, 83
67, 6, 2.000, 1
32, 36, 1.429, 21
31, 20, 1.852, 270
53, 39, 1.000, 1
18, 11, 1.978, 3602
40, 36, 1.857, 14
21, 14, 1.942, 2171
43, 17, 1.750, 24
8, 13, 2.304, 6711
7, 47, 2.188, 16
11, 40, 1.986, 73
33, 27, 1.639, 72
16, 61, 2.000, 3
36, 48, 1.333, 3
19, 64, 1.000, 1
58, 5, 6.500, 2
39, 37, 1.300, 10
9, 18, 2.100, 4100
12, 9, 2.177, 7395
15, 12, 2.012, 4593
37, 31, 1.464, 28
2, 19, 3.221, 2513
26, 66, 1.333, 3
27, 25, 1.547, 311
49, 20, 2.000, 4
52, 7, 1.400, 5
0, 37, 5.023, 171
20, 40, 1.850, 40
3, 16, 2.695, 4050
25, 35, 1.438, 80
6, 15, 2.530, 5341
64, 2, 2.500, 6
67, 15, 1.000, 2
31, 29, 1.298, 94
18, 2, 3.207, 2974
40, 43, 1.000, 6
21, 23, 1.635, 1023
4, 49, 1.400, 5
43, 22, 1.826, 23
7, 36, 2.170, 200
46, 1, 3.444, 9
11, 33, 1.825, 269
68, 22, 1.333, 3
33, 28, 1.420, 81
16, 52, 1.667, 3
58, 12, 2.500, 2
39, 34, 1.000, 10
9, 27, 2.111, 1101
12, 0, 6.102, 11804
16, 67, 2.000, 6
15, 21, 1.790, 2062
37, 24, 1.730, 37
24, 3, 2.919, 1427
62, 16, 1.000, 1
27, 30, 1.588, 136
49, 13, 2.000, 2
13, 31, 1.758, 339
0, 60, 2.000, 1
20, 55, 1.000, 1
3, 25, 2.949, 1246
25, 36, 1.653, 49
6, 6, 2.544, 11190
32, 50, 1.000, 1
31, 26, 1.979, 142
53, 41, 1.000, 1
40, 18, 2.304, 46
21, 16, 1.860, 1896
4, 56, 1.000, 1
43, 15, 1.190, 21
8, 59, 1.000, 2
7, 29, 2.125, 678
46, 8, 1.786, 14
11, 38, 1.836, 116
68, 29, 1.200, 5
33, 21, 1.606, 165
16, 43, 1.435, 23
36, 38, 1.333, 9
41, 53, 1.000, 1
44, 38, 1.750, 4
9, 28, 1.906, 876
48, 33, 2.500, 4
31, 47, 1.000, 4
12, 63, 3.500, 4
34, 12, 1.675, 231
15, 18, 1.929, 2819
37, 1, 3.476, 82
24, 10, 1.909, 1883
27, 23, 1.736, 454
49, 6, 1.000, 4
13, 24, 1.851, 1588
52, 21, 1.000, 2
0, 51, 4.500, 2
3, 30, 3.005, 444
25, 45, 1.091, 11
64, 16, 1.000, 1
28, 14, 1.969, 680
50, 31, 1.000, 1
31, 3, 3.033, 456
40, 25, 1.290, 31
21, 25, 1.701, 730
4, 39, 2.873, 102
43, 4, 1.714, 28
8, 34, 1.929, 266
7, 26, 2.119, 1301
46, 19, 1.625, 8
29, 41, 1.316, 19
68, 4, 1.833, 6
16, 34, 1.696, 168
36, 45, 2.000, 1
17, 67, 2.333, 3
22, 8, 2.148, 2718
44, 29, 1.500, 4
9, 5, 2.586, 9231
12, 54, 1.000, 2
34, 7, 2.437, 270
15, 27, 1.653, 806
37, 10, 1.865, 163
24, 17, 1.664, 1108
62, 2, 5.000, 1
13, 17, 2.036, 3453
0, 10, 6.091, 13269
38, 27, 1.656, 32
3, 7, 2.803, 8902
9, 62, 1.000, 1
28, 5, 2.382, 854
50, 22, 1.286, 7
31, 8, 2.205, 503
1, 45, 3.200, 5
40, 0, 4.757, 74
21, 34, 1.519, 131
4, 46, 3.294, 17
8, 41, 2.371, 70
7, 19, 2.195, 3577
65, 8, 1.000, 6
46, 26, 1.000, 1
29, 34, 1.383, 47
33, 39, 1.706, 17
16, 25, 1.811, 1032
2, 68, 1.000, 2
41, 39, 1.667, 3
22, 3, 2.851, 2070
44, 20, 1.214, 14
9, 14, 2.150, 5934
12, 45, 1.500, 20
34, 30, 1.854, 41
17, 62, 1.000, 2
59, 10, 2.000, 1
24, 24, 1.715, 659
62, 5, 1.500, 4
10, 23, 1.996, 2144
13, 10, 2.148, 6398
52, 27, 1.000, 1
0, 1, 4.316, 18083
38, 18, 1.545, 77
3, 12, 2.831, 5875
25, 63, 1.667, 3
8, 65, 1.000, 6
28, 28, 1.543, 162
50, 17, 1.417, 12
23, 39, 1.657, 35
1, 38, 3.349, 63
40, 7, 2.074, 95
21, 43, 1.842, 19
4, 21, 2.619, 2454
26, 38, 1.375, 16
7, 8, 2.522, 10110
65, 1, 4.000, 1
46, 29, 1.250, 4
29, 59, 1.000, 2
68, 10, 1.400, 10
16, 16, 2.065, 3086
41, 40, 1.000, 2
22, 26, 1.580, 553
5, 50, 1.167, 6
44, 19, 1.750, 20
66, 32, 1.000, 1
47, 6, 1.667, 9
12, 36, 1.816, 185
23, 66, 6.000, 1
34, 25, 1.571, 77
59, 3, 2.000, 4
24, 31, 1.636, 184
5, 67, 1.000, 1
62, 12, 3.000, 3
45, 44, 1.000, 1
10, 30, 1.956, 525
13, 3, 2.924, 5545
0, 24, 6.032, 2144
38, 21, 1.382, 55
25, 0, 6.023, 1822
28, 27, 1.559, 213
50, 8, 1.400, 5
14, 34, 1.659, 185
53, 13, 1.000, 1
1, 63, 4.000, 3
40, 14, 1.810, 58
21, 52, 1.000, 2
4, 28, 2.755, 735
26, 33, 1.567, 90
7, 1, 3.352, 6983
46, 36, 1.000, 1
11, 66, 1.333, 3
33, 49, 1.000, 1
16, 23, 1.751, 1485
19, 2, 3.202, 2653
41, 17, 2.590, 39
22, 29, 1.657, 312
5, 59, 1.000, 3
44, 10, 1.565, 23
9, 56, 1.000, 2
47, 15, 1.000, 17
12, 35, 2.023, 213
69, 30, 1.000, 1
34, 16, 1.693, 176
17, 40, 1.491, 55
37, 37, 1.250, 8
59, 24, 1.500, 2
42, 48, 3.000, 1
45, 37, 2.000, 1
10, 25, 1.969, 1564
49, 34, 3.000, 1
13, 60, 6.000, 1
35, 19, 1.594, 128
0, 31, 5.208, 669
38, 12, 1.561, 98
25, 9, 2.015, 1641
63, 28, 1.000, 1
28, 18, 1.819, 504
50, 3, 1.667, 6
14, 37, 1.562, 130
53, 22, 1.500, 6
1, 48, 9.000, 1
21, 61, 3.000, 1
4, 27, 2.647, 916
26, 40, 1.125, 16
65, 19, 2.000, 3
29, 13, 1.782, 573
16, 14, 1.977, 3575
21, 67, 1.667, 3
19, 11, 1.990, 3308
41, 26, 2.294, 17
22, 20, 1.715, 1238
5, 36, 2.257, 183
44, 1, 2.611, 18
9, 33, 1.980, 306
47, 20, 1.000, 6
30, 52, 1.000, 1
69, 7, 1.000, 1
34, 43, 2.667, 3
17, 33, 1.756, 172
56, 4, 1.000, 1
37, 46, 2.000, 5
59, 17, 1.000, 2
23, 15, 1.781, 1577
45, 30, 2.000, 1
10, 0, 6.134, 13819
13, 53, 1.000, 1
35, 24, 1.831, 89
0, 22, 6.025, 2953
38, 7, 2.000, 131
25, 18, 1.980, 895
63, 5, 7.667, 3
14, 44, 1.381, 21
1, 9, 3.393, 5828
39, 28, 1.424, 33
4, 2, 2.994, 9832
65, 20, 3.000, 1
29, 6, 2.386, 705
12, 66, 2.250, 4
51, 41, 1.000, 1
16, 5, 2.694, 4792
13, 64, 1.000, 2
19, 16, 1.871, 2156
2, 40, 3.837, 43
41, 3, 2.833, 42
22, 47, 1.300, 10
5, 45, 2.364, 22
9, 42, 1.745, 51
66, 13, 1.333, 3
47, 29, 1.750, 4
34, 34, 1.400, 30
15, 68, 1.000, 4
56, 11, 1.000, 1
42, 34, 1.111, 9
23, 4, 2.717, 1799
6, 68, 1.000, 4
45, 23, 1.111, 9
10, 11, 2.146, 7674
13, 46, 1.769, 13
35, 1, 3.802, 131
18, 59, 2.000, 2
60, 15, 1.500, 2
25, 27, 1.594, 310
63, 2, 7.000, 1
11, 24, 1.855, 1850
14, 55, 1.000, 2
53, 24, 1.000, 1
1, 2, 3.277, 8764
39, 21, 1.732, 41
4, 9, 2.732, 8749
29, 31, 1.312, 96
51, 46, 1.000, 1
54, 9, 1.500, 2
19, 25, 1.897, 818
2, 35, 2.737, 167
17, 68, 1.000, 1
41, 4, 4.551, 49
22, 38, 1.432, 44
5, 22, 2.510, 2302
27, 41, 1.167, 18
66, 4, 1.000, 4
47, 26, 1.000, 4
30, 38, 1.727, 22
69, 9, 1.000, 1
17, 19, 1.843, 2079
23, 29, 1.746, 287
6, 63, 5.333, 6
45, 16, 1.941, 17
10, 50, 2.273, 11
32, 11, 1.856, 367
13, 39, 1.764, 72
35, 6, 2.150, 246
18, 50, 2.000, 4
38, 49, 1.000, 1
15, 65, 3.000, 2
60, 6, 3.500, 2
25, 28, 1.607, 262
63, 11, 3.000, 4
11, 17, 2.012, 4014
14, 62, 3.000, 2
1, 27, 3.547, 565
39, 18, 1.759, 54
26, 5, 2.353, 1207
48, 26, 1.000, 4
29, 24, 1.585, 270
15, 37, 1.818, 132
19, 30, 1.686, 299
41, 13, 1.418, 55
5, 31, 2.403, 494
27, 46, 1.200, 5
47, 35, 1.000, 2
30, 41, 1.533, 15
17, 20, 1.788, 1965
20, 7, 2.262, 3305
42, 20, 1.667, 30
23, 26, 1.627, 561
6, 54, 2.000, 2
45, 9, 1.750, 20
10, 61, 4.000, 2
32, 2, 2.993, 307
13, 32, 1.875, 336
35, 15, 1.826, 172
18, 45, 1.900, 10
38, 40, 1.250, 4
11, 22, 1.940, 2396
14, 1, 3.647, 3917
36, 22, 1.725, 69
1, 28, 3.665, 507
39, 11, 1.938, 80
22, 65, 3.000, 2
26, 12, 1.841, 1169
48, 17, 1.857, 7
29, 17, 1.757, 449
15, 34, 1.804, 189
54, 27, 1.000, 1
19, 39, 1.370, 46
2, 53, 3.000, 1
22, 48, 1.333, 3
5, 24, 2.408, 1740
27, 39, 1.375, 16
66, 22, 1.400, 5
47, 40, 1.000, 2
30, 16, 1.754, 357
52, 37, 1.000, 1
17, 13, 2.030, 3477
20, 14, 1.837, 2411
42, 31, 1.700, 10
23, 19, 1.752, 1170
6, 41, 1.824, 74
45, 2, 1.733, 15
10, 36, 2.011, 178
32, 25, 2.000, 122
35, 52, 3.000, 1
18, 36, 1.672, 119
57, 7, 4.000, 1
38, 35, 1.588, 17
60, 20, 1.000, 1
43, 52, 2.000, 1
8, 18, 2.200, 4113
11, 15, 2.054, 4878
14, 8, 2.287, 6020
36, 29, 1.588, 34
1, 21, 3.668, 1455
39, 0, 5.621, 95
26, 23, 1.606, 551
48, 8, 1.400, 5
51, 5, 1.000, 2
15, 43, 1.211, 19
54, 18, 2.000, 1
19, 44, 1.714, 21
2, 12, 3.092, 5392
24, 33, 1.839, 124
5, 1, 3.268, 8024
66, 17, 2.200, 5
27, 59, 1.000, 2
30, 27, 1.583, 139
17, 6, 2.403, 4430
20, 21, 1.857, 1341
3, 55, 2.000, 1
42, 6, 2.550, 40
23, 40, 1.571, 35
6, 32, 2.309, 408
10, 47, 1.333, 15
67, 18, 1.000, 1
32, 16, 2.004, 250
18, 31, 1.734, 244
57, 8, 1.000, 3
40, 48, 1.000, 1
43, 45, 1.000, 1
8, 25, 2.040, 1625
28, 68, 1.000, 2
11, 4, 2.683, 7166
14, 19, 1.959, 2657
36, 4, 2.455, 191
26, 30, 1.662, 139
48, 15, 1.167, 6
12, 29, 1.774, 646
51, 10, 1.200, 5
15, 48, 1.143, 7
54, 21, 1.000, 2
2, 7, 3.130, 8221
24, 40, 1.812, 32
5, 10, 2.657, 8423
30, 2, 3.419, 415
52, 43, 2.000, 1
55, 14, 1.000, 2
20, 28, 1.770, 466
3, 60, 1.000, 4
42, 1, 1.870, 23
23, 33, 1.954, 131
6, 27, 2.152, 1067
28, 44, 1.000, 8
32, 23, 1.816, 152
31, 33, 1.714, 49
35, 34, 1.750, 24
18, 22, 1.752, 1462
4, 69, 1.000, 1
43, 34, 2.500, 4
8, 0, 5.653, 16194
7, 56, 1.000, 2
11, 61, 8.000, 1
33, 8, 2.547, 371
14, 26, 1.943, 1022
36, 3, 2.987, 152
11, 53, 1.500, 2
61, 5, 2.167, 6
26, 25, 1.516, 384
48, 6, 1.167, 6
12, 20, 1.899, 2806
51, 19, 1.000, 6
15, 57, 1.000, 1
19, 58, 1.500, 2
2, 30, 3.468, 417
24, 47, 1.750, 4
27, 10, 2.031, 1068
49, 25, 1.800, 5
30, 5, 2.749, 566
0, 40, 4.868, 76
55, 7, 1.000, 1
20, 27, 1.679, 526
3, 37, 3.456, 114
42, 8, 1.833, 48
6, 18, 2.351, 4011
28, 43, 1.200, 10
32, 46, 1.000, 1
13, 68, 1.000, 5
35, 43, 1.000, 4
18, 17, 1.958, 2352
21, 4, 2.624, 2534
43, 27, 1.111, 9
8, 7, 2.530, 10180
7, 49, 2.000, 9
29, 68, 1.200, 5
33, 1, 4.144, 208
14, 29, 1.646, 517
3, 67, 2.000, 1
36, 10, 1.953, 193
37, 23, 1.686, 70
12, 19, 1.956, 3095
51, 24, 2.500, 2
15, 6, 2.505, 5484
37, 21, 1.891, 64
2, 25, 3.049, 988
24, 54, 1.000, 1
27, 3, 3.024, 844
49, 18, 3.000, 2
30, 12, 1.930, 487
0, 47, 5.778, 9
20, 34, 1.766, 128
3, 42, 2.487, 39
6, 21, 2.337, 2879
64, 12, 2.000, 1
28, 34, 1.695, 59
67, 9, 1.000, 3
32, 37, 1.294, 17
31, 23, 1.750, 196
53, 38, 2.000, 1
18, 8, 2.216, 4202
40, 37, 1.500, 12
21, 13, 1.818, 2291
43, 16, 1.435, 23
8, 14, 2.269, 5965
7, 46, 2.150, 20
11, 43, 1.733, 30
33, 26, 1.792, 96
16, 62, 1.000, 1
36, 49, 1.000, 1
39, 36, 1.286, 14
61, 23, 1.000, 1
9, 17, 2.142, 4517
12, 10, 2.120, 7014
15, 15, 1.989, 3785
37, 30, 2.000, 30
2, 16, 3.110, 3611
27, 24, 1.712, 372
49, 11, 1.556, 9
52, 0, 1.000, 1
0, 38, 5.363, 113
55, 21, 1.000, 1
20, 41, 1.436, 39
3, 19, 2.921, 2819
25, 34, 1.459, 74
6, 12, 2.404, 7176
64, 3, 3.333, 3
67, 14, 1.000, 2
29, 52, 1.000, 1
31, 28, 1.774, 106
18, 3, 2.944, 3373
40, 44, 1.000, 3
21, 22, 1.793, 1167
4, 50, 2.167, 6
43, 9, 1.583, 48
8, 53, 1.500, 2
7, 39, 2.000, 105
46, 6, 1.833, 18
11, 32, 1.847, 360
68, 23, 1.000, 2
33, 19, 1.695, 174
41, 51, 1.000, 1
61, 16, 2.000, 3
44, 40, 1.000, 3
9, 26, 1.985, 1329
12, 1, 3.462, 4560
16, 68, 1.286, 7
15, 20, 1.845, 2242
37, 7, 2.453, 161
20, 65, 3.000, 1
24, 4, 2.774, 1644
62, 17, 1.000, 2
27, 17, 1.815, 650
49, 12, 2.200, 10
13, 30, 1.836, 440
52, 15, 1.000, 4
0, 61, 1.667, 3
20, 48, 1.800, 5
3, 24, 2.964, 1411
25, 43, 1.571, 14
6, 7, 2.566, 10480
28, 48, 2.000, 1
31, 5, 2.209, 488
40, 19, 1.596, 47
21, 31, 1.668, 256
43, 14, 1.543, 35
7, 28, 2.287, 905
46, 9, 1.444, 27
29, 47, 1.750, 4
33, 20, 1.587, 160
16, 44, 1.762, 21
36, 39, 1.294, 17
9, 3, 2.907, 8063
48, 34, 1.000, 1
34, 13, 1.811, 201
15, 29, 1.827, 503
37, 0, 4.933, 180
24, 11, 1.869, 1872
27, 22, 1.614, 443
49, 5, 1.000, 7
13, 23, 1.801, 1831
20, 63, 1.000, 1
3, 1, 3.193, 8914
25, 44, 1.462, 13
64, 17, 2.000, 1
28, 15, 1.766, 659
50, 28, 1.333, 3
31, 2, 3.305, 328
53, 49, 1.000, 2
1, 43, 2.812, 16
40, 26, 2.111, 18
21, 24, 1.622, 917
4, 32, 2.304, 382
43, 7, 2.205, 39
8, 35, 2.005, 205
7, 21, 2.184, 2900
46, 16, 2.545, 11
29, 40, 1.615, 13
68, 5, 1.000, 4
33, 45, 1.000, 3
16, 35, 1.675, 166
36, 46, 1.000, 2
22, 9, 2.047, 2664
26, 68, 2.000, 2
9, 4, 2.756, 8851
12, 55, 1.667, 3
34, 4, 2.600, 250
15, 26, 1.671, 914
37, 9, 1.750, 156
24, 18, 1.872, 1024
62, 3, 2.500, 2
13, 16, 2.032, 3875
52, 29, 1.000, 1
0, 11, 6.083, 11809
38, 24, 1.372, 43
3, 6, 2.928, 9668
25, 53, 1.000, 3
28, 6, 2.368, 817
50, 23, 1.500, 2
31, 11, 2.032, 444
1, 44, 2.810, 21
40, 1, 2.543, 35
21, 33, 1.635, 170
4, 47, 3.071, 14
8, 42, 1.792, 48
7, 18, 2.376, 4032
65, 15, 3.000, 2
46, 27, 1.000, 3
29, 33, 1.868, 76
68, 12, 1.000, 7
33, 38, 2.857, 7
16, 26, 1.715, 866
41, 38, 1.000, 1
22, 0, 6.080, 3075
44, 21, 1.600, 15
9, 13, 2.134, 6603
12, 46, 1.778, 18
34, 31, 1.650, 40
37, 50, 1.000, 2
59, 13, 13.000, 1
24, 25, 1.610, 510
45, 50, 1.000, 1
10, 20, 2.049, 3087
13, 9, 2.143, 6685
0, 2, 4.476, 18901
38, 19, 1.651, 63
3, 15, 2.776, 4555
8, 66, 2.375, 8
28, 29, 1.545, 121
50, 14, 6.000, 1
53, 3, 3.000, 1
1, 37, 3.432, 81
40, 8, 1.733, 75
21, 42, 1.697, 33
4, 22, 2.552, 2205
26, 39, 1.182, 22
7, 11, 2.409, 8107
46, 34, 3.500, 2
29, 58, 2.000, 3
68, 11, 1.250, 8
16, 17, 1.942, 2778
22, 27, 1.820, 444
5, 49, 1.000, 7
44, 12, 1.227, 22
9, 54, 1.500, 2
23, 49, 2.000, 4
47, 1, 2.500, 2
12, 37, 1.664, 146
69, 20, 1.000, 1
34, 22, 1.567, 120
17, 54, 1.000, 1
59, 2, 1.250, 4
5, 66, 2.000, 3
45, 43, 1.000, 2
10, 31, 2.024, 459
49, 40, 3.000, 1
13, 2, 3.206, 4951
0, 25, 5.938, 1764
38, 10, 1.913, 115
25, 7, 2.190, 1597
28, 20, 1.789, 456
50, 9, 1.333, 3
14, 35, 2.064, 172
53, 12, 1.500, 2
1, 62, 14.000, 1
40, 15, 2.109, 64
21, 51, 1.667, 3
4, 29, 2.576, 644
26, 46, 2.500, 2
7, 0, 5.702, 16569
46, 37, 2.250, 4
11, 69, 1.000, 2
33, 48, 2.400, 5
16, 8, 2.294, 5083
21, 68, 1.333, 3
19, 5, 2.534, 3627
41, 16, 2.323, 31
22, 18, 1.756, 1469
5, 58, 6.500, 2
31, 25, 1.560, 159
44, 11, 1.645, 31
47, 14, 1.357, 14
30, 50, 1.333, 3
34, 17, 1.665, 161
17, 47, 1.000, 6
37, 36, 1.312, 16
59, 27, 1.000, 2
45, 36, 2.000, 1
10, 6, 2.502, 8656
49, 33, 1.000, 1
13, 59, 13.000, 1
42, 67, 3.000, 2
35, 18, 1.588, 114
0, 16, 6.233, 7088
38, 13, 1.706, 85
25, 8, 2.048, 1661
28, 19, 1.698, 497
50, 0, 4.000, 3
14, 42, 1.463, 41
1, 55, 1.000, 1
21, 60, 3.000, 1
4, 4, 2.865, 11158
26, 41, 2.222, 18
65, 18, 1.000, 1
29, 12, 1.773, 653
12, 68, 1.000, 7
16, 15, 2.026, 3295
19, 10, 2.092, 3562
2, 46, 2.538, 13
41, 25, 1.520, 25
22, 21, 1.759, 1176
5, 35, 2.190, 211
44, 2, 2.769, 13
9, 32, 2.079, 403
47, 23, 1.556, 9
34, 40, 1.111, 9
17, 32, 1.746, 248
56, 5, 1.000, 1
37, 45, 2.000, 1
23, 14, 1.728, 1697
6, 66, 2.000, 2
45, 29, 1.000, 3
10, 1, 3.432, 5289
30, 68, 1.000, 1
13, 52, 2.000, 3
35, 27, 1.417, 48
0, 23, 6.095, 2573
38, 4, 2.659, 129
25, 17, 1.675, 878
63, 4, 1.333, 3
14, 45, 1.154, 13
53, 30, 1.000, 1
1, 8, 3.310, 6302
39, 31, 1.438, 16
4, 3, 2.931, 10353
26, 48, 1.000, 2
29, 5, 2.542, 661
12, 67, 1.667, 3
16, 6, 2.415, 4989
19, 19, 1.925, 1865
2, 41, 2.976, 42
41, 2, 2.976, 42
22, 44, 1.538, 13
5, 44, 3.206, 34
9, 41, 1.806, 72
66, 10, 2.000, 8
47, 28, 1.000, 4
69, 15, 1.667, 3
34, 35, 1.609, 23
17, 25, 1.659, 883
59, 41, 1.000, 1
42, 35, 1.000, 10
23, 7, 2.358, 2278
45, 22, 1.143, 7
10, 8, 2.303, 8835
13, 45, 1.125, 16
35, 0, 5.075, 294
25, 26, 1.532, 389
63, 13, 18.000, 1
11, 27, 1.813, 1021
14, 52, 1.000, 1
1, 1, 3.242, 9078
39, 20, 1.464, 56
4, 10, 2.683, 7867
26, 59, 2.000, 2
44, 68, 1.000, 1
29, 30, 1.597, 129
51, 49, 1.000, 1
54, 14, 1.000, 1
19, 24, 1.653, 976
2, 32, 2.847, 308
41, 11, 1.565, 46
22, 39, 1.481, 54
5, 21, 2.486, 2696
27, 40, 1.917, 24
66, 5, 2.000, 3
47, 37, 1.000, 2
30, 39, 1.286, 14
69, 8, 1.000, 1
17, 18, 1.955, 2335
56, 19, 1.333, 3
42, 42, 2.000, 1
23, 28, 1.718, 316
6, 60, 3.500, 2
45, 15, 1.222, 18
10, 51, 1.167, 6
32, 12, 1.789, 336
13, 38, 1.709, 86
35, 9, 2.179, 224
18, 51, 2.200, 5
60, 7, 2.000, 1
63, 10, 1.000, 2
11, 16, 2.028, 4539
50, 45, 1.000, 1
23, 61, 1.000, 1
14, 63, 2.667, 3
18, 66, 1.000, 2
1, 26, 3.612, 629
39, 13, 1.750, 72
26, 2, 3.218, 850
48, 27, 1.000, 5
29, 23, 1.648, 284
15, 36, 1.700, 150
19, 33, 1.736, 178
2, 59, 1.250, 4
41, 12, 1.951, 61
22, 62, 1.500, 2
5, 30, 2.735, 539
27, 33, 1.643, 70
47, 34, 1.000, 1
30, 46, 2.333, 3
17, 11, 2.037, 4019
20, 0, 6.363, 4241
42, 21, 1.645, 31
23, 21, 1.598, 1024
6, 55, 1.667, 3
64, 23, 18.000, 1
45, 8, 1.364, 22
10, 58, 1.000, 1
32, 3, 3.026, 350
35, 14, 2.017, 179
18, 42, 1.526, 38
38, 41, 1.200, 5
11, 9, 2.264, 7901
50, 36, 1.000, 2
14, 6, 2.564, 6157
36, 23, 1.683, 60
1, 19, 3.196, 1901
39, 10, 1.588, 102
26, 13, 1.878, 1138
48, 18, 1.333, 9
29, 16, 1.802, 500
15, 45, 1.500, 18
54, 24, 1.000, 1
19, 38, 1.415, 65
2, 50, 1.000, 1
22, 49, 4.200, 5
5, 7, 2.650, 10243
27, 38, 1.483, 29
30, 17, 1.728, 353
17, 12, 1.961, 3806
20, 15, 1.844, 2218
3, 49, 5.600, 5
42, 28, 1.278, 18
23, 18, 1.800, 1218
6, 46, 1.789, 19
45, 1, 2.714, 7
10, 37, 2.000, 160
32, 26, 1.643, 98
31, 50, 1.000, 2
18, 37, 1.561, 82
38, 32, 1.615, 13
60, 21, 3.000, 1
8, 19, 2.135, 3673
11, 14, 2.109, 5387
14, 9, 2.172, 6018
36, 30, 1.568, 37
1, 20, 3.538, 1692
39, 3, 3.094, 85
26, 20, 1.667, 645
48, 9, 1.556, 9
51, 4, 2.500, 4
15, 42, 1.486, 37
19, 47, 1.000, 11
2, 13, 3.197, 4802
24, 34, 1.698, 86
5, 0, 5.070, 18532
9, 69, 1.000, 1
30, 24, 1.726, 208
17, 5, 2.642, 4347
20, 22, 1.707, 1247
3, 54, 1.000, 1
42, 7, 1.891, 46
23, 43, 1.154, 13
6, 33, 2.056, 359
10, 44, 1.619, 21
67, 21, 1.667, 3
32, 17, 1.776, 250
23, 44, 1.364, 11
18, 28, 1.784, 499
57, 15, 1.000, 2
40, 49, 3.000, 1
8, 26, 1.987, 1305
28, 69, 1.000, 2
11, 7, 2.440, 8285
14, 16, 2.004, 3560
36, 5, 2.470, 183
61, 11, 8.000, 1
26, 31, 1.807, 145
48, 0, 5.167, 6
12, 30, 1.883, 487
51, 13, 1.000, 6
15, 51, 1.000, 2
19, 52, 2.000, 3
2, 4, 3.041, 9701
24, 41, 1.533, 30
5, 9, 2.595, 9037
27, 52, 1.000, 1
10, 68, 1.636, 11
30, 3, 3.106, 442
20, 29, 1.804, 341
3, 63, 1.000, 3
42, 14, 1.538, 52
23, 32, 1.589, 146
6, 24, 2.385, 1884
28, 45, 1.000, 4
32, 40, 1.111, 9
31, 32, 1.298, 57
35, 37, 1.455, 11
18, 23, 1.777, 1226
57, 16, 1.000, 1
43, 37, 1.000, 1
8, 1, 3.346, 6518
7, 59, 2.000, 2
33, 15, 1.565, 230
14, 27, 1.751, 811
36, 12, 1.871, 186
61, 4, 1.000, 1
48, 7, 2.267, 15
12, 21, 2.023, 2581
51, 18, 2.200, 5
19, 61, 1.000, 1
2, 31, 3.518, 326
24, 48, 2.167, 6
27, 13, 1.716, 864
49, 24, 2.000, 4
30, 10, 1.958, 530
0, 41, 3.468, 47
55, 6, 1.667, 3
20, 36, 1.500, 102
3, 36, 2.828, 151
42, 9, 1.745, 51
23, 57, 1.000, 1
6, 19, 2.394, 3471
28, 36, 1.162, 37
67, 3, 1.500, 2
32, 47, 1.000, 1
31, 41, 1.769, 13
35, 42, 1.000, 11
18, 14, 1.861, 3056
21, 3, 2.870, 2343
43, 26, 1.917, 12
8, 8, 2.408, 10245
7, 48, 2.222, 18
29, 67, 1.500, 2
33, 0, 5.536, 412
36, 11, 2.347, 176
7, 65, 1.333, 3
12, 12, 2.076, 6490
15, 1, 3.404, 3400
19, 66, 1.667, 3
2, 22, 3.247, 1679
24, 55, 1.000, 1
27, 2, 3.067, 803
49, 17, 1.182, 11
30, 13, 1.808, 426
0, 32, 5.277, 519
20, 35, 1.748, 127
3, 45, 3.294, 17
6, 10, 2.480, 8546
64, 13, 1.000, 2
28, 35, 2.140, 43
67, 8, 2.667, 3
32, 38, 1.583, 12
31, 22, 1.819, 204
53, 37, 1.000, 3
18, 9, 2.078, 4167
40, 38, 1.333, 3
21, 12, 2.039, 2588
4, 52, 1.000, 2
43, 19, 1.571, 21
8, 15, 2.273, 5581
7, 41, 2.451, 71
11, 42, 1.754, 57
33, 25, 1.631, 111
16, 63, 1.000, 1
36, 50, 1.000, 2
58, 3, 1.500, 2
39, 39, 1.333, 9
9, 16, 2.114, 4988
12, 11, 2.073, 6726
15, 14, 2.027, 3909
37, 29, 1.500, 28
2, 17, 3.014, 3171
27, 27, 1.500, 246
49, 10, 1.000, 6
52, 1, 2.000, 1
0, 39, 5.685, 89
55, 20, 1.000, 2
20, 42, 1.567, 30
3, 18, 2.952, 3236
25, 33, 1.533, 107
6, 13, 2.367, 6626
64, 4, 1.500, 2
31, 31, 1.634, 71
18, 0, 6.165, 5894
21, 21, 1.686, 1304
4, 51, 2.800, 5
43, 8, 1.841, 44
8, 54, 1.667, 3
7, 38, 2.042, 120
46, 7, 2.105, 19
11, 35, 2.159, 182
68, 16, 1.286, 7
33, 18, 1.764, 191
58, 10, 1.000, 1
41, 50, 1.000, 1
44, 41, 1.000, 1
9, 25, 2.023, 1634
12, 2, 3.129, 5577
15, 23, 1.788, 1583
37, 6, 2.244, 160
20, 66, 2.000, 1
24, 5, 2.422, 1800
62, 22, 1.500, 2
27, 16, 1.742, 689
49, 3, 6.000, 4
13, 29, 1.775, 559
52, 8, 1.000, 2
0, 62, 3.000, 4
20, 49, 1.800, 5
3, 27, 2.914, 818
25, 42, 1.773, 22
6, 4, 2.728, 10549
28, 49, 1.500, 2
31, 4, 2.408, 446
14, 68, 1.000, 4
40, 20, 1.868, 38
21, 30, 1.841, 302
4, 58, 1.000, 1
43, 1, 2.667, 18
8, 61, 1.000, 1
7, 31, 2.048, 478
46, 14, 1.250, 8
29, 46, 1.250, 4
33, 43, 1.000, 3
16, 45, 2.000, 16
36, 32, 1.333, 18
1, 66, 1.000, 1
58, 21, 1.500, 2
41, 59, 1.000, 1
44, 32, 1.091, 11
9, 2, 3.144, 7168
37, 68, 1.000, 1
48, 35, 1.000, 1
12, 57, 1.000, 1
34, 10, 1.690, 216
15, 28, 1.747, 652
37, 15, 1.778, 135
24, 12, 1.740, 1739
49, 4, 1.400, 5
13, 22, 1.917, 2118
52, 23, 1.000, 2
0, 53, 1.500, 2
3, 0, 4.624, 19181
25, 51, 1.000, 3
64, 18, 2.000, 2
28, 8, 2.059, 893
44, 30, 1.000, 3
50, 29, 1.000, 2
31, 13, 1.706, 337
1, 42, 1.917, 24
40, 27, 1.652, 23
21, 39, 1.784, 37
4, 33, 2.519, 316
43, 6, 2.091, 33
8, 36, 2.041, 169
7, 20, 2.238, 3231
46, 17, 1.400, 10
29, 39, 1.786, 14
68, 6, 1.000, 4
33, 44, 2.667, 3
16, 36, 1.664, 134
36, 47, 1.000, 2
22, 14, 1.834, 1907
44, 31, 1.333, 9
9, 11, 2.243, 7840
12, 48, 1.250, 16
23, 64, 18.000, 1
34, 5, 2.748, 274
17, 59, 1.000, 2
37, 8, 1.972, 181
24, 19, 1.653, 980
62, 0, 3.000, 4
13, 15, 2.000, 4297
52, 30, 1.000, 1
0, 12, 6.032, 11219
38, 25, 1.529, 34
3, 9, 2.904, 7924
25, 52, 2.333, 3
28, 7, 2.268, 903
50, 20, 2.000, 1
31, 10, 2.051, 467
1, 35, 3.815, 124
40, 2, 3.651, 43
21, 32, 1.681, 213
4, 40, 2.500, 70
8, 43, 1.689, 45
7, 13, 2.477, 6466
65, 14, 1.333, 3
46, 24, 2.000, 7
29, 32, 1.522, 67
68, 13, 1.000, 5
33, 37, 1.500, 16
16, 27, 1.709, 691
2, 66, 1.000, 2
41, 37, 1.000, 9
22, 1, 3.391, 1331
5, 55, 2.000, 1
44, 22, 1.385, 13
9, 12, 2.173, 7384
69, 21, 1.000, 1
12, 47, 1.000, 6
34, 28, 1.689, 61
24, 26, 1.584, 471
10, 21, 1.981, 2888
13, 8, 2.287, 6766
0, 3, 4.616, 18791
38, 16, 1.406, 64
3, 14, 3.003, 4979
25, 61, 1.000, 1
8, 67, 2.667, 3
28, 30, 1.410, 105
50, 15, 2.000, 4
53, 2, 3.000, 1
1, 36, 3.773, 119
40, 9, 1.901, 91
21, 41, 1.333, 30
4, 23, 2.669, 1773
26, 36, 1.429, 42
7, 10, 2.342, 8706
65, 7, 1.333, 3
46, 35, 1.000, 1
29, 57, 1.000, 1
16, 18, 1.946, 2564
21, 69, 1.000, 1
41, 46, 1.000, 2
22, 24, 1.644, 803
5, 48, 2.429, 7
44, 13, 1.500, 28
9, 53, 1.000, 1
47, 0, 5.545, 11
12, 38, 1.717, 99
34, 23, 1.418, 91
17, 53, 1.000, 4
59, 5, 1.000, 3
5, 65, 3.500, 4
42, 18, 1.600, 40
10, 28, 1.873, 817
13, 1, 3.487, 4045
0, 26, 5.662, 1499
38, 11, 1.695, 118
62, 6, 1.000, 1
25, 6, 2.307, 1542
63, 17, 4.000, 2
28, 21, 1.621, 406
50, 6, 1.250, 4
14, 32, 1.651, 298
53, 11, 1.500, 2
1, 61, 2.000, 2
21, 50, 1.000, 3
4, 30, 2.780, 505
26, 47, 1.000, 3
7, 3, 2.848, 9083
65, 24, 2.000, 1
29, 50, 1.000, 2
16, 9, 2.117, 5070
19, 4, 2.751, 3224
41, 23, 2.000, 31
22, 19, 1.820, 1347
5, 57, 1.000, 2
44, 4, 2.032, 31
27, 68, 1.500, 2
47, 9, 1.308, 13
69, 28, 1.000, 2
34, 46, 3.500, 2
17, 46, 1.364, 11
37, 35, 1.500, 10
59, 26, 2.000, 2
45, 35, 1.000, 3
10, 7, 2.339, 8826
35, 21, 1.569, 116
0, 17, 6.270, 6309
38, 2, 2.777, 94
25, 15, 1.744, 1167
50, 1, 3.500, 4
14, 43, 1.514, 35
4, 5, 2.775, 10727
65, 17, 1.500, 2
46, 45, 1.000, 1
29, 11, 1.787, 689
12, 69, 1.250, 4
16, 0, 6.302, 7391
19, 13, 1.994, 2899
2, 47, 1.250, 4
41, 24, 1.656, 32
22, 42, 1.667, 24
5, 34, 2.618, 272
44, 3, 1.967, 30
9, 39, 1.767, 90
47, 22, 1.222, 9
30, 58, 1.000, 1
34, 41, 1.556, 9
17, 39, 1.618, 55
37, 44, 1.000, 2
59, 19, 15.000, 1
23, 9, 2.019, 2366
6, 67, 2.000, 1
45, 28, 1.000, 4
10, 14, 2.066, 5809
30, 69, 1.000, 1
13, 51, 1.000, 6
35, 26, 1.465, 71
18, 62, 4.000, 1
38, 5, 2.130, 115
25, 16, 1.822, 1020
63, 7, 4.333, 3
24, 67, 2.000, 1
14, 50, 6.000, 1
53, 29, 1.000, 1
1, 15, 3.415, 3297
39, 30, 1.267, 15
4, 12, 2.719, 6401
26, 49, 3.000, 3
29, 4, 2.690, 655
29, 53, 1.000, 1
16, 7, 2.407, 5109
19, 18, 1.781, 1947
2, 38, 2.910, 89
41, 1, 2.562, 32
22, 45, 1.143, 7
5, 43, 2.171, 41
9, 40, 1.702, 94
66, 11, 1.333, 3
47, 31, 1.000, 2
69, 14, 1.000, 2
34, 32, 1.931, 29
17, 24, 1.652, 1082
42, 32, 1.143, 7
23, 6, 2.230, 2219
6, 58, 3.667, 3
45, 21, 2.083, 12
10, 9, 2.192, 8553
13, 44, 1.737, 19
35, 3, 2.486, 214
60, 9, 1.000, 2
25, 25, 1.770, 444
63, 12, 3.500, 4
11, 26, 1.885, 1241
50, 51, 1.000, 1
14, 53, 1.333, 3
1, 0, 4.372, 18246
39, 23, 1.667, 36
4, 11, 2.687, 7035
29, 29, 1.473, 110
54, 15, 1.000, 1
19, 27, 1.790, 552
2, 33, 2.968, 250
41, 10, 1.615, 65
22, 36, 1.761, 71
5, 20, 2.447, 3095
27, 43, 1.500, 10
66, 2, 1.000, 2
47, 36, 1.000, 2
30, 36, 1.568, 37
17, 17, 1.891, 2602
59, 33, 1.000, 1
42, 43, 2.667, 3
23, 31, 1.707, 198
6, 61, 1.500, 2
45, 14, 1.167, 12
10, 48, 1.875, 8
32, 13, 1.868, 341
13, 37, 1.642, 134
35, 8, 2.028, 213
18, 48, 1.300, 10
60, 0, 2.000, 1
11, 19, 1.961, 3249
50, 42, 1.000, 1
14, 60, 4.500, 2
18, 67, 1.000, 1
1, 25, 3.856, 792
39, 12, 1.402, 82
26, 3, 2.867, 1046
48, 28, 4.000, 2
29, 22, 1.681, 320
15, 39, 1.586, 70
54, 6, 3.000, 1
19, 32, 1.859, 205
5, 29, 2.414, 638
27, 32, 1.516, 91
30, 47, 1.000, 3
34, 50, 1.000, 2
17, 10, 2.157, 4304
20, 1, 3.490, 1751
24, 68, 1.500, 4
23, 20, 1.742, 1053
6, 52, 1.000, 2
45, 7, 1.625, 16
10, 59, 2.000, 1
32, 4, 2.298, 393
31, 52, 1.000, 1
18, 43, 2.286, 21
38, 46, 1.000, 2
11, 8, 2.374, 8171
50, 37, 1.000, 2
14, 7, 2.342, 6159
36, 16, 1.594, 138
1, 18, 3.521, 2372
39, 5, 2.226, 84
26, 10, 1.807, 1281
48, 19, 1.500, 8
15, 44, 1.154, 13
19, 41, 1.622, 37
2, 51, 4.000, 1
22, 54, 1.500, 2
5, 6, 2.641, 10867
9, 67, 1.000, 2
66, 20, 2.000, 1
47, 42, 2.000, 2
30, 22, 1.498, 239
52, 39, 1.000, 1
17, 3, 2.966, 3801
20, 8, 2.163, 3442
3, 48, 1.400, 5
42, 29, 1.286, 7
23, 45, 1.125, 8
6, 47, 1.800, 10
45, 0, 2.611, 18
10, 34, 1.684, 212
32, 27, 1.341, 85
25, 67, 6.000, 1
18, 34, 1.880, 150
57, 5, 1.000, 2
38, 33, 2.857, 7
3, 65, 4.400, 5
60, 22, 1.000, 1
8, 20, 2.157, 3364
11, 1, 3.381, 4980
14, 14, 2.015, 4285
36, 31, 1.333, 33
39, 2, 2.312, 64
26, 21, 1.621, 639
48, 10, 1.875, 8
51, 7, 1.833, 6
15, 53, 2.000, 2
19, 46, 1.556, 9
2, 10, 3.126, 6325
24, 35, 1.768, 82
5, 15, 2.662, 5143
9, 68, 1.143, 7
30, 25, 1.523, 153
17, 4, 2.643, 4173
20, 23, 1.709, 1051
3, 57, 1.000, 2
42, 4, 2.944, 54
23, 42, 1.688, 16
6, 38, 2.418, 141
10, 45, 2.000, 10
67, 20, 1.000, 2
32, 18, 1.570, 230
18, 29, 1.638, 401
57, 14, 1.000, 1
8, 27, 1.968, 1105
7, 61, 1.000, 1
11, 6, 2.462, 7975
14, 17, 2.015, 3220
36, 6, 2.100, 170
61, 10, 1.000, 1
26, 28, 1.575, 259
48, 1, 9.000, 1
12, 31, 1.784, 417
51, 12, 2.000, 9
15, 50, 2.000, 4
2, 5, 2.956, 9375
24, 42, 1.647, 17
5, 8, 2.664, 9909
10, 69, 1.000, 2
30, 0, 5.665, 783
52, 53, 1.000, 1
55, 8, 1.000, 2
20, 30, 1.794, 286
3, 62, 2.500, 2
42, 15, 1.529, 34
23, 35, 1.529, 102
6, 25, 2.248, 1507
28, 46, 6.000, 3
67, 29, 1.500, 2
32, 41, 1.286, 7
31, 35, 1.719, 32
35, 36, 1.333, 18
18, 20, 1.864, 1870
57, 23, 1.000, 1
60, 36, 1.000, 1
43, 36, 1.571, 7
8, 2, 3.025, 7825
7, 58, 3.000, 2
11, 63, 2.000, 5
33, 14, 1.747, 257
14, 24, 1.809, 1488
36, 13, 2.061, 131
61, 3, 1.333, 3
12, 22, 1.890, 2358
51, 21, 1.667, 3
15, 59, 1.000, 1
2, 28, 3.093, 572
24, 49, 2.000, 4
27, 12, 1.819, 1007
30, 11, 2.018, 495
0, 42, 5.094, 32
55, 1, 1.000, 2
20, 37, 1.551, 89
3, 39, 3.012, 82
6, 16, 2.429, 4851
28, 37, 1.439, 41
32, 32, 1.821, 39
13, 66, 1.250, 4
35, 45, 1.000, 3
18, 15, 1.939, 2817
57, 24, 1.000, 1
40, 32, 1.000, 12
21, 2, 2.993, 1851
43, 29, 1.667, 9
8, 9, 2.321, 9321
7, 51, 2.000, 7
11, 52, 2.500, 2
33, 7, 2.108, 333
16, 57, 1.000, 1
36, 52, 2.000, 1
39, 41, 1.500, 4
7, 64, 2.000, 5
12, 13, 2.080, 5531
15, 0, 6.273, 8676
37, 19, 1.670, 94
2, 23, 3.195, 1348
27, 5, 2.353, 1013
49, 16, 3.000, 8
0, 33, 5.410, 385
20, 44, 1.188, 16
3, 44, 2.000, 33
13, 65, 1.000, 4
6, 11, 2.467, 7846
67, 11, 1.333, 6
32, 39, 1.538, 13
31, 17, 1.779, 272
53, 36, 1.000, 2
18, 6, 2.354, 4130
57, 33, 1.000, 1
40, 39, 1.750, 4
21, 11, 1.975, 2651
43, 18, 2.286, 21
8, 48, 1.400, 5
7, 40, 2.064, 94
11, 45, 1.579, 19
33, 24, 1.836, 128
16, 48, 1.125, 8
58, 0, 1.000, 1
39, 38, 1.429, 7
61, 21, 3.000, 1
9, 23, 2.091, 2331
12, 4, 2.719, 6557
15, 9, 2.049, 5570
37, 28, 1.500, 42
20, 68, 1.667, 3
27, 26, 1.517, 242
49, 9, 2.364, 11
0, 56, 1.000, 2
20, 43, 1.333, 21
3, 21, 2.819, 2324
25, 32, 1.938, 129
6, 2, 2.994, 8894
64, 5, 3.500, 2
28, 59, 2.000, 2
31, 30, 1.403, 67
14, 66, 1.200, 5
18, 1, 3.523, 2491
40, 46, 1.000, 3
21, 20, 1.823, 1365
4, 60, 2.000, 1
43, 11, 1.774, 31
7, 33, 2.064, 326
46, 4, 3.167, 18
11, 34, 1.966, 234
68, 17, 1.000, 1
33, 17, 1.727, 176
58, 11, 2.000, 1
44, 42, 1.000, 1
9, 24, 2.030, 1909
12, 3, 2.834, 6066
15, 22, 1.802, 1815
37, 5, 2.197, 137
20, 67, 1.000, 2
24, 6, 2.365, 1918
27, 19, 1.774, 548
49, 2, 8.600, 5
13, 28, 1.704, 727
52, 9, 1.000, 2
0, 63, 3.429, 7
3, 26, 2.844, 1011
25, 41, 1.480, 25
6, 5, 2.651, 10984
28, 50, 1.333, 3
25, 68, 1.000, 3
14, 69, 1.000, 2
40, 21, 1.452, 31
21, 29, 1.731, 323
43, 0, 4.784, 37
8, 62, 2.400, 5
7, 30, 2.282, 532
46, 15, 1.462, 13
29, 45, 1.000, 3
68, 24, 1.400, 5
33, 42, 2.143, 7
16, 46, 2.778, 9
36, 33, 1.316, 19
58, 18, 1.000, 2
44, 33, 2.250, 4
9, 1, 3.450, 5971
48, 36, 1.333, 3
12, 58, 2.333, 3
34, 11, 2.008, 247
15, 31, 1.703, 320
37, 14, 1.485, 132
24, 13, 1.801, 1596
13, 21, 1.848, 2314
52, 16, 1.500, 2
3, 3, 2.839, 10769
25, 50, 1.000, 7
64, 19, 1.000, 1
28, 9, 1.919, 894
31, 12, 1.767, 429
1, 41, 2.600, 30
40, 28, 1.300, 10
21, 38, 1.380, 50
4, 34, 2.589, 248
8, 37, 1.960, 173
7, 23, 2.309, 2254
46, 22, 1.375, 8
29, 38, 1.286, 21
68, 7, 1.200, 5
33, 35, 1.571, 35
16, 37, 1.500, 86
36, 40, 1.923, 13
37, 18, 1.563, 87
58, 29, 1.000, 2
41, 35, 2.000, 5
22, 15, 1.791, 1820
44, 24, 1.364, 11
9, 10, 2.187, 8490
12, 49, 2.200, 10
34, 2, 3.192, 219
17, 58, 1.500, 2
24, 20, 1.834, 974
62, 1, 14.000, 1
13, 14, 2.153, 4669
23, 59, 1.000, 1
0, 13, 6.249, 10281
38, 30, 1.667, 24
3, 8, 2.920, 8299
25, 59, 1.500, 2
28, 0, 5.719, 1161
50, 21, 1.000, 3
1, 34, 2.710, 169
40, 3, 2.294, 85
21, 47, 3.125, 8
4, 41, 4.653, 49
8, 44, 1.714, 21
7, 12, 2.331, 7359
65, 13, 1.000, 4
46, 25, 1.833, 6
68, 14, 1.000, 4
33, 36, 2.136, 22
16, 28, 1.820, 567
41, 36, 1.200, 10
22, 6, 2.333, 2604
5, 54, 1.500, 2
44, 23, 1.444, 9
9, 51, 1.375, 8
12, 40, 1.923, 65
34, 29, 1.400, 45
17, 51, 2.000, 6
37, 48, 1.000, 1
59, 15, 1.000, 1
24, 27, 1.743, 381
62, 8, 2.400, 5
10, 18, 2.042, 3836
49, 53, 1.000, 2
13, 7, 2.439, 6561
0, 4, 4.901, 18397
38, 17, 1.632, 87
8, 68, 1.750, 4
28, 31, 1.583, 103
50, 12, 2.333, 6
1, 59, 5.000, 1
40, 10, 1.576, 66
21, 40, 1.576, 33
4, 16, 2.760, 4470
26, 37, 1.365, 52
7, 5, 2.647, 10371
65, 6, 1.750, 4
46, 32, 1.000, 1
16, 19, 1.869, 2143
54, 32, 1.000, 1
58, 47, 1.000, 1
41, 45, 1.000, 2
22, 25, 1.656, 649
5, 63, 7.667, 3
44, 14, 1.286, 21
9, 52, 2.500, 2
47, 3, 2.100, 10
12, 39, 1.651, 83
34, 20, 1.767, 129
17, 52, 1.000, 5
42, 52, 1.000, 1
5, 64, 3.500, 2
45, 41, 1.000, 2
10, 29, 1.817, 624
13, 0, 6.287, 10792
0, 27, 5.849, 1268
38, 8, 1.893, 122
25, 5, 2.593, 1433
63, 16, 1.000, 1
28, 22, 1.794, 402
50, 7, 1.375, 8
14, 33, 1.762, 252
53, 10, 1.000, 1
1, 60, 2.000, 1
21, 49, 1.000, 3
4, 31, 2.400, 433
26, 44, 1.000, 10
7, 2, 3.170, 8384
46, 43, 1.000, 1
16, 10, 2.050, 4633
19, 7, 2.213, 3697
41, 22, 1.625, 24
22, 16, 1.813, 1770
5, 56, 1.000, 1
44, 5, 3.143, 35
47, 8, 1.444, 9
30, 48, 2.333, 3
34, 47, 1.000, 1
17, 45, 1.077, 13
56, 0, 1.000, 2
37, 34, 1.188, 16
59, 29, 1.000, 2
45, 34, 1.500, 2
10, 4, 2.676, 8000
35, 20, 1.788, 132
0, 18, 6.166, 5603
38, 3, 2.268, 127
17, 26, 1.591, 801
25, 14, 1.801, 1209
63, 25, 1.667, 3
14, 40, 1.859, 64
21, 58, 1.000, 1
4, 6, 2.734, 10507
65, 16, 2.000, 1
29, 10, 1.805, 627
16, 1, 3.466, 2969
19, 12, 1.958, 3121
2, 44, 2.714, 14
41, 31, 1.786, 14
22, 43, 1.955, 22
5, 33, 2.468, 316
9, 38, 2.177, 130
47, 17, 1.000, 8
30, 59, 1.000, 2
69, 4, 1.000, 1
34, 38, 1.250, 12
17, 38, 1.667, 96
56, 7, 1.000, 2
37, 43, 2.000, 2
59, 18, 2.000, 2
23, 8, 2.014, 2341
6, 64, 1.667, 6
45, 27, 2.833, 6
10, 15, 2.104, 5226
13, 50, 1.250, 4
35, 29, 1.902, 41
18, 63, 5.000, 2
25, 23, 1.587, 578
63, 6, 6.167, 6
14, 51, 2.333, 3
1, 14, 3.666, 3770
39, 25, 1.400, 25
4, 13, 2.739, 5714
29, 3, 3.124, 539
51, 42, 1.000, 1
11, 68, 1.250, 8
19, 21, 1.779, 1480
2, 39, 2.500, 64
41, 0, 3.680, 50
22, 34, 1.653, 124
5, 42, 2.500, 50
9, 47, 1.357, 14
66, 8, 2.375, 8
47, 30, 1.000, 2
30, 34, 1.769, 39
69, 13, 1.000, 3
34, 33, 1.767, 30
17, 31, 1.721, 269
42, 33, 2.143, 7
23, 1, 3.474, 1127
6, 59, 1.000, 2
45, 20, 1.625, 8
13, 43, 1.375, 40
35, 2, 2.669, 175
60, 10, 1.000, 2
25, 24, 1.669, 508
63, 15, 5.000, 1
11, 29, 1.777, 673
1, 7, 3.348, 6818
39, 22, 1.423, 52
29, 28, 1.480, 127
54, 12, 1.000, 2
19, 26, 1.652, 689
2, 62, 5.000, 1
41, 9, 1.694, 72
22, 37, 1.597, 62
5, 19, 2.482, 3494
27, 42, 1.400, 10
66, 3, 1.000, 1
30, 37, 2.154, 26
17, 16, 1.956, 2791
55, 39, 2.000, 1
42, 40, 1.333, 6
23, 30, 1.646, 229
6, 50, 1.200, 5
45, 13, 1.133, 15
10, 49, 1.000, 6
32, 14, 1.671, 301
13, 36, 1.954, 131
35, 11, 2.105, 191
18, 49, 2.333, 3
60, 1, 2.000, 1
11, 18, 1.996, 3560
14, 61, 2.000, 1
18, 64, 2.000, 2
1, 24, 3.733, 949
39, 15, 1.577, 71
26, 0, 5.805, 1567
48, 29, 1.000, 1
29, 21, 1.831, 325
15, 38, 1.740, 100
54, 7, 1.667, 3
19, 35, 1.615, 130
22, 60, 1.000, 1
5, 28, 2.408, 819
27, 35, 1.404, 47
66, 26, 1.333, 3
30, 44, 1.000, 3
17, 9, 2.187, 4587
20, 2, 3.206, 2233
42, 19, 1.378, 37
23, 23, 1.484, 854
6, 53, 1.333, 3
45, 6, 2.824, 17
10, 56, 1.500, 2
32, 5, 2.382, 385
35, 48, 1.000, 1
18, 40, 1.760, 50
57, 3, 1.000, 2
11, 11, 2.072, 7290
50, 34, 1.000, 1
14, 4, 2.830, 5619
36, 17, 1.816, 125
1, 17, 3.519, 2644
39, 4, 2.765, 102
22, 68, 1.333, 3
26, 11, 1.880, 1267
48, 20, 1.800, 5
51, 1, 1.000, 1
15, 47, 1.000, 16
54, 30, 2.000, 1
19, 40, 1.553, 47
2, 48, 2.000, 2
22, 55, 1.000, 1
5, 5, 2.698, 11452
9, 66, 4.444, 9
66, 21, 1.000, 2
30, 23, 1.528, 233
17, 2, 3.059, 3277
20, 9, 2.119, 3344
3, 51, 1.000, 2
42, 26, 1.545, 22
25, 66, 2.000, 1
6, 44, 1.476, 21
10, 35, 1.793, 213
32, 28, 1.529, 85
18, 35, 1.643, 112
38, 38, 1.000, 4
3, 64, 3.333, 3
43, 41, 1.000, 3
8, 21, 2.123, 2946
11, 0, 6.129, 12313
14, 15, 2.044, 3918
36, 24, 1.655, 58
26, 18, 1.667, 786
48, 11, 1.286, 14
51, 6, 1.000, 2
15, 52, 1.000, 5
54, 17, 1.000, 1
19, 49, 1.083, 12
2, 11, 3.242, 5741
24, 36, 1.911, 56
5, 14, 2.637, 5778
27, 49, 1.667, 3
47, 50, 1.000, 1
30, 30, 1.469, 81
52, 47, 1.000, 1
20, 16, 1.902, 2092
3, 56, 1.000, 1
42, 5, 2.531, 49
23, 37, 1.635, 74
6, 39, 2.263, 114
10, 42, 1.450, 40
32, 19, 1.967, 214
31, 37, 1.680, 25
18, 26, 1.669, 776
43, 46, 1.000, 1
8, 28, 2.032, 893
7, 60, 2.000, 1
11, 57, 7.000, 1
14, 22, 1.827, 1880
36, 7, 2.170, 200
26, 29, 1.428, 201
48, 2, 2.000, 1
12, 24, 1.742, 1715
51, 15, 1.000, 1
15, 61, 4.333, 3
2, 2, 3.104, 10312
24, 43, 2.429, 14
27, 54, 1.000, 1
10, 66, 2.000, 8
30, 1, 3.651, 295
55, 11, 1.000, 2
20, 31, 1.813, 268
3, 33, 2.863, 263
42, 12, 1.673, 52
23, 34, 1.407, 81
6, 30, 2.191, 622
28, 47, 1.200, 5
32, 42, 1.200, 5
31, 34, 1.667, 36
35, 39, 1.333, 9
18, 21, 1.875, 1586
4, 64, 2.000, 1
43, 39, 1.250, 4
8, 3, 2.924, 8447
7, 53, 1.500, 6
68, 37, 1.000, 1
33, 13, 1.876, 274
14, 25, 1.775, 1212
36, 14, 1.591, 137
39, 51, 1.000, 1
12, 23, 1.849, 2067
51, 20, 1.000, 2
15, 58, 1.500, 2
19, 63, 1.250, 4
2, 29, 3.287, 502
24, 50, 1.333, 6
27, 15, 1.601, 799
30, 8, 2.251, 581
0, 43, 4.946, 37
55, 0, 4.000, 1
20, 38, 1.390, 59
3, 38, 2.488, 125
31, 40, 1.182, 11
6, 17, 2.376, 4344
64, 8, 4.000, 1
28, 38, 1.548, 31
67, 5, 1.000, 1
32, 33, 1.455, 33
31, 43, 1.000, 6
35, 44, 1.000, 6
18, 12, 1.953, 3447
40, 33, 1.429, 7
21, 1, 3.649, 1523
43, 28, 1.273, 11
8, 10, 2.265, 8854
7, 50, 1.333, 9
11, 55, 1.000, 2
68, 44, 1.000, 1
33, 6, 2.157, 364
16, 58, 1.000, 1
36, 53, 1.333, 3
58, 6, 3.000, 4
39, 40, 1.750, 4
44, 53, 1.000, 1
7, 67, 2.500, 2
12, 14, 2.088, 5115
15, 3, 2.718, 4675
19, 68, 1.000, 2
2, 20, 3.184, 2141
24, 57, 1.000, 1
27, 4, 2.655, 955
49, 23, 2.000, 4
52, 4, 1.000, 1
0, 34, 4.751, 354
20, 45, 1.625, 8
3, 47, 2.000, 11
23, 48, 1.000, 5
6, 8, 2.526, 10030
64, 15, 1.333, 3
67, 10, 1.750, 4
31, 16, 1.729, 306
18, 7, 2.357, 4099
40, 40, 2.000, 2
21, 10, 1.980, 2941
43, 21, 1.737, 19
8, 49, 1.533, 15
7, 43, 2.306, 36
46, 2, 2.667, 12
11, 44, 1.690, 29
33, 31, 1.660, 50
16, 49, 3.000, 9
36, 60, 1.000, 1
58, 1, 5.000, 2
39, 33, 1.600, 15
44, 44, 2.000, 1
9, 22, 2.031, 2626
12, 5, 2.608, 7075
16, 64, 1.000, 1
15, 8, 2.276, 5621
37, 27, 1.390, 41
20, 69, 1.000, 1
24, 0, 6.075, 2218
27, 29, 1.383, 183
49, 8, 1.267, 15
52, 3, 11.000, 1
0, 57, 4.500, 2
55, 22, 1.000, 1
20, 52, 1.500, 2
3, 20, 2.794, 2578
25, 39, 1.476, 21
6, 3, 2.895, 9845
64, 6, 1.667, 6
25, 69, 1.000, 3
14, 67, 1.000, 2
53, 44, 1.000, 1
40, 47, 1.000, 2
21, 19, 1.791, 1472
4, 61, 1.000, 2
43, 10, 1.381, 42
8, 56, 1.000, 1
7, 32, 2.337, 424
46, 5, 2.053, 19
11, 37, 1.848, 151
68, 18, 1.000, 3
33, 16, 1.773, 203
16, 40, 1.519, 52
41, 48, 1.000, 3
44, 43, 1.000, 1
9, 31, 2.008, 485
12, 60, 2.667, 3
15, 17, 1.924, 2907
37, 4, 2.221, 145
24, 7, 2.100, 1960
27, 18, 1.755, 596
49, 1, 1.000, 2
13, 27, 1.741, 871
52, 10, 1.000, 4
0, 48, 3.800, 5
20, 51, 1.000, 2
3, 29, 2.994, 525
25, 40, 1.267, 30
28, 51, 1.000, 1
