32, 54, 1.000
31, 6, 2.349
40, 22, 1.677
21, 28, 1.618
4, 36, 2.418
43, 3, 3.296
7, 25, 2.178
46, 12, 1.467
29, 44, 1.400
68, 25, 1.000
33, 41, 1.143
16, 47, 1.000
36, 34, 3.000
1, 64, 5.667
58, 19, 1.500
44, 34, 1.000
9, 0, 5.818
48, 37, 1.000
34, 8, 1.982
15, 30, 1.733
37, 13, 1.564
24, 14, 1.858
13, 20, 1.978
52, 17, 1.000
0, 55, 4.000
3, 2, 2.995
25, 49, 1.800
28, 10, 1.894
50, 27, 1.500
31, 15, 1.799
1, 40, 2.694
40, 29, 1.615
21, 37, 1.746
4, 35, 2.619
8, 38, 1.992
7, 22, 2.247
65, 11, 2.250
46, 23, 1.375
29, 37, 1.448
33, 34, 1.586
16, 38, 1.422
36, 41, 1.200
41, 34, 1.600
22, 12, 1.890
44, 25, 1.333
9, 9, 2.236
12, 50, 2.333
34, 3, 2.393
59, 9, 1.500
24, 21, 1.600
24, 66, 4.000
49, 51, 1.000
13, 13, 2.019
52, 24, 1.000
0, 14, 6.249
38, 31, 2.154
3, 11, 2.873
28, 1, 3.812
50, 18, 2.000
53, 7, 1.500
1, 33, 4.285
40, 4, 2.333
21, 46, 1.500
4, 42, 2.519
8, 45, 1.421
7, 15, 2.352
65, 12, 6.000
46, 30, 2.333
68, 15, 1.000
33, 59, 1.000
16, 29, 1.763
2, 64, 2.500
41, 43, 1.000
22, 7, 2.283
5, 53, 2.000
44, 16, 1.762
9, 50, 1.500
47, 5, 1.167
12, 41, 2.067
34, 26, 1.803
17, 50, 1.417
59, 14, 2.000
24, 28, 1.521
62, 9, 1.000
10, 19, 2.116
13, 6, 2.362
0, 5, 5.035
38, 22, 1.432
25, 3, 3.016
8, 69, 1.000
28, 24, 1.535
50, 13, 1.250
53, 0, 1.500
1, 58, 5.000
40, 11, 1.915
21, 55, 1.000
4, 17, 2.622
26, 34, 1.789
7, 4, 2.749
65, 5, 3.500
11, 65, 2.250
16, 20, 1.881
19, 1, 3.200
17, 64, 2.000
41, 44, 1.000
22, 30, 1.494
5, 62, 1.500
44, 15, 1.143
27, 65, 1.000
47, 2, 4.000
12, 32, 1.746
34, 21, 1.612
17, 43, 1.875
59, 7, 1.000
10, 26, 1.846
13, 63, 18.000
0, 28, 5.721
38, 9, 2.014
17, 27, 1.833
25, 4, 2.788
63, 19, 1.500
28, 23, 1.761
50, 4, 1.167
14, 38, 1.630
53, 9, 1.000
21, 48, 1.000
4, 24, 2.788
26, 45, 1.143
65, 30, 2.000
46, 40, 1.000
29, 48, 1.000
16, 11, 2.023
19, 6, 2.398
41, 21, 1.208
22, 17, 1.785
5, 39, 2.450
44, 6, 1.500
9, 60, 1.000
47, 11, 1.357
34, 44, 1.000
17, 44, 1.083
56, 1, 1.000
37, 33, 1.471
59, 28, 2.000
45, 33, 1.000
10, 5, 2.619
35, 23, 1.543
0, 19, 6.144
38, 0, 5.358
25, 13, 1.874
14, 41, 1.588
53, 18, 1.500
1, 52, 2.000
4, 7, 2.724
46, 51, 1.000
29, 9, 1.961
16, 2, 3.186
19, 15, 1.850
2, 45, 1.867
41, 30, 1.444
22, 40, 1.571
5, 32, 2.338
9, 37, 1.745
66, 14, 1.200
47, 16, 1.000
69, 3, 1.000
34, 39, 1.000
17, 37, 1.691
56, 8, 1.000
37, 42, 1.000
42, 39, 1.286
23, 11, 1.914
6, 65, 1.600
45, 26, 1.200
10, 12, 2.093
13, 49, 1.000
35, 28, 2.178
60, 12, 2.667
25, 22, 1.630
63, 1, 4.000
14, 48, 1.667
1, 13, 3.448
39, 24, 2.048
4, 14, 2.780
29, 2, 3.400
19, 20, 1.822
2, 36, 2.609
41, 7, 2.636
22, 35, 1.708
5, 41, 2.426
9, 46, 1.423
66, 9, 4.444
47, 25, 5.000
30, 35, 1.486
69, 12, 1.250
17, 30, 1.746
23, 0, 6.267
62, 37, 1.000
45, 19, 1.100
10, 55, 5.000
32, 8, 1.997
13, 42, 1.524
35, 5, 2.333
25, 31, 1.523
63, 14, 2.667
11, 28, 1.894
14, 59, 2.000
1, 6, 3.295
39, 17, 1.518
26, 6, 2.183
29, 27, 1.596
51, 50, 1.000
39, 26, 1.200
19, 29, 1.619
2, 63, 7.000
41, 8, 2.074
5, 18, 2.533
27, 45, 2.375
66, 0, 1.000
30, 42, 1.333
17, 23, 1.755
20, 4, 2.587
23, 25, 1.618
6, 51, 1.000
45, 12, 1.450
32, 15, 2.060
13, 35, 1.644
35, 10, 1.734
18, 46, 1.333
38, 53, 1.000
60, 2, 2.000
11, 21, 1.970
14, 2, 3.209
18, 65, 1.000
1, 31, 3.511
39, 14, 2.350
22, 66, 1.400
26, 1, 3.483
48, 30, 2.333
29, 20, 1.805
15, 33, 1.526
19, 34, 1.796
2, 54, 1.000
5, 27, 2.297
27, 34, 1.559
47, 47, 1.000
30, 45, 2.000
34, 48, 1.000
17, 8, 2.268
0, 64, 7.000
20, 3, 2.776
42, 16, 2.100
23, 22, 1.572
6, 42, 2.400
45, 5, 2.391
10, 57, 2.500
32, 6, 2.310
35, 51, 1.000
18, 41, 1.580
38, 44, 1.750
11, 10, 2.143
50, 35, 1.000
14, 5, 2.654
36, 18, 1.678
1, 16, 3.459
39, 7, 1.782
26, 8, 2.011
48, 21, 1.000
51, 0, 4.500
15, 46, 1.462
19, 43, 1.727
2, 49, 8.600
5, 4, 2.768
9, 65, 1.375
66, 18, 1.000
47, 52, 1.000
30, 20, 1.780
17, 1, 3.513
20, 10, 2.043
3, 50, 1.600
42, 27, 1.273
23, 47, 1.500
6, 45, 2.600
10, 32, 1.809
67, 17, 2.333
32, 29, 1.537
18, 32, 1.530
57, 11, 7.000
38, 39, 1.400
17, 28, 1.704
60, 16, 2.500
43, 40, 1.000
8, 22, 2.126
11, 3, 2.876
14, 12, 2.049
36, 25, 1.538
61, 15, 4.333
26, 19, 1.640
48, 12, 1.471
51, 9, 1.375
15, 55, 1.000
54, 22, 1.000
19, 48, 1.556
2, 8, 3.020
24, 37, 1.634
5, 13, 2.593
27, 48, 1.000
30, 31, 1.391
52, 40, 2.000
55, 13, 1.000
20, 17, 1.804
3, 59, 2.000
42, 2, 3.033
23, 36, 1.641
6, 36, 2.030
10, 43, 1.395
67, 22, 2.000
32, 20, 1.642
31, 36, 1.188
35, 33, 1.583
18, 27, 1.753
57, 12, 1.000
40, 52, 2.000
43, 33, 1.000
8, 29, 2.123
7, 63, 4.333
11, 56, 1.000
33, 11, 1.852
14, 23, 1.737
36, 0, 4.973
39, 53, 1.000
61, 8, 1.000
26, 26, 1.556
48, 3, 1.667
12, 25, 1.720
51, 14, 1.500
15, 60, 1.500
2, 3, 3.013
24, 44, 1.364
27, 9, 2.099
10, 67, 1.750
47, 58, 1.000
30, 6, 2.182
55, 10, 5.000
20, 24, 1.862
3, 32, 3.058
42, 13, 1.500
13, 67, 1.200
6, 31, 2.308
28, 40, 1.667
67, 31, 1.000
32, 43, 1.111
31, 45, 1.000
35, 38, 1.214
18, 18, 1.858
21, 7, 2.191
4, 65, 2.667
43, 38, 1.833
8, 4, 2.753
7, 52, 1.800
11, 49, 1.500
33, 12, 1.743
14, 30, 1.763
36, 15, 1.736
61, 1, 2.000
7, 69, 1.000
12, 16, 2.017
51, 23, 1.500
15, 5, 2.648
2, 26, 3.201
24, 51, 3.000
27, 14, 1.758
30, 9, 2.025
0, 44, 4.053
55, 3, 2.000
20, 39, 1.356
3, 41, 2.976
6, 22, 2.330
64, 9, 3.500
28, 39, 1.452
67, 4, 1.000
32, 34, 1.742
31, 42, 1.700
35, 47, 1.000
18, 13, 2.031
57, 30, 1.000
40, 34, 1.125
21, 0, 6.075
43, 31, 1.143
8, 11, 2.363
7, 45, 1.588
11, 54, 1.000
33, 5, 2.516
58, 7, 3.000
39, 43, 1.250
44, 54, 2.000
7, 66, 2.000
12, 15, 2.004
15, 2, 3.127
37, 17, 1.611
2, 21, 2.957
27, 7, 2.148
49, 22, 2.333
52, 5, 1.500
0, 35, 4.843
55, 24, 1.000
20, 46, 1.500
3, 46, 2.267
23, 51, 1.667
6, 9, 2.378
64, 0, 7.500
67, 13, 1.200
31, 19, 1.704
18, 4, 2.714
40, 41, 1.000
21, 9, 2.024
43, 20, 2.435
8, 50, 2.000
7, 42, 1.786
46, 3, 2.357
11, 47, 1.286
68, 20, 2.000
33, 30, 1.500
16, 50, 1.167
39, 32, 1.583
61, 19, 1.000
44, 45, 1.000
9, 21, 2.013
48, 40, 1.000
12, 6, 2.424
16, 65, 2.000
15, 11, 2.034
37, 26, 1.354
24, 1, 3.729
62, 18, 4.000
27, 28, 1.595
49, 15, 2.333
52, 12, 1.333
0, 58, 1.000
3, 23, 2.646
25, 38, 1.515
6, 0, 5.339
64, 7, 2.000
32, 48, 2.250
31, 24, 1.576
53, 43, 2.000
40, 16, 1.489
21, 18, 1.818
43, 13, 1.357
8, 57, 1.000
7, 35, 2.004
46, 10, 1.375
11, 36, 2.456
68, 19, 1.000
33, 23, 2.080
16, 41, 2.323
36, 36, 1.053
37, 20, 1.551
58, 9, 2.000
44, 36, 1.000
9, 30, 1.978
12, 61, 1.000
34, 14, 1.686
15, 16, 2.014
37, 3, 3.554
24, 8, 1.986
62, 21, 5.500
27, 21, 1.705
49, 0, 1.000
13, 26, 1.882
52, 11, 2.500
0, 49, 1.000
20, 60, 1.000
3, 28, 2.595
25, 47, 4.833
28, 12, 1.725
32, 55, 1.000
31, 1, 3.466
53, 52, 1.000
40, 23, 1.545
21, 27, 1.710
4, 37, 2.356
43, 2, 2.962
8, 32, 2.032
7, 24, 2.081
46, 13, 1.750
29, 43, 1.250
68, 26, 2.000
33, 40, 1.600
16, 32, 1.947
36, 35, 1.375
58, 16, 1.000
22, 10, 1.921
44, 35, 1.000
9, 7, 2.437
12, 52, 1.250
34, 9, 2.063
15, 25, 1.731
37, 12, 1.680
24, 15, 1.797
42, 23, 1.647
13, 19, 1.987
52, 18, 1.000
0, 8, 5.639
3, 5, 2.854
25, 48, 1.167
64, 21, 1.000
28, 11, 1.894
50, 24, 1.400
31, 14, 1.649
1, 47, 2.500
40, 30, 1.263
21, 36, 1.524
4, 44, 2.067
8, 39, 2.162
7, 17, 2.232
65, 10, 3.000
46, 20, 1.400
29, 36, 1.588
33, 33, 1.581
16, 39, 2.589
36, 42, 1.667
41, 33, 1.688
22, 13, 1.907
44, 26, 1.000
9, 8, 2.327
12, 51, 2.125
34, 0, 5.098
37, 53, 1.000
59, 8, 1.000
24, 22, 1.649
62, 7, 1.000
13, 12, 2.079
52, 25, 2.000
0, 15, 6.268
38, 28, 1.595
3, 10, 2.840
28, 2, 3.225
50, 19, 1.667
53, 6, 1.250
1, 32, 3.286
40, 5, 2.025
21, 45, 2.083
4, 43, 1.724
8, 46, 1.786
7, 14, 2.304
65, 3, 4.167
46, 31, 1.000
68, 8, 2.000
16, 30, 1.646
2, 65, 1.000
17, 65, 1.500
22, 4, 2.582
5, 52, 1.500
44, 17, 1.100
9, 49, 2.875
47, 4, 3.308
12, 42, 1.731
34, 27, 1.523
17, 49, 1.000
37, 62, 1.000
59, 1, 5.000
24, 29, 1.566
62, 14, 3.000
45, 46, 1.000
10, 16, 2.048
13, 5, 2.557
0, 6, 5.262
38, 23, 1.565
25, 2, 3.148
63, 21, 1.000
28, 25, 1.622
50, 10, 2.273
53, 15, 2.000
40, 12, 1.800
21, 54, 1.000
4, 18, 2.720
26, 35, 1.708
7, 7, 2.584
65, 4, 2.667
46, 38, 1.000
11, 64, 4.000
16, 21, 1.848
19, 0, 6.164
41, 19, 1.676
22, 31, 1.859
5, 61, 2.167
44, 8, 1.714
9, 58, 2.000
47, 13, 1.947
12, 33, 1.703
34, 18, 1.877
17, 42, 1.900
37, 39, 1.375
59, 6, 1.333
42, 50, 1.000
45, 39, 1.000
10, 27, 2.003
35, 17, 1.985
0, 29, 5.780
38, 14, 1.689
25, 11, 1.823
63, 18, 5.000
28, 16, 1.790
50, 5, 1.200
14, 39, 2.339
53, 8, 1.500
1, 50, 6.000
21, 63, 1.000
4, 25, 2.769
26, 42, 1.375
46, 41, 1.000
29, 15, 1.842
16, 12, 2.001
19, 9, 2.039
41, 20, 1.268
22, 22, 1.782
5, 38, 2.074
44, 7, 2.935
9, 35, 2.123
47, 10, 1.333
30, 54, 2.000
69, 25, 1.000
34, 45, 1.000
17, 35, 1.852
37, 32, 1.294
23, 13, 1.814
45, 32, 1.000
10, 2, 3.146
30, 65, 2.000
13, 55, 1.000
35, 22, 1.769
0, 20, 6.296
38, 1, 3.375
25, 12, 1.729
9, 59, 1.500
14, 46, 1.286
53, 17, 1.000
1, 11, 3.363
4, 0, 4.974
26, 53, 1.000
65, 22, 3.000
29, 8, 2.176
12, 64, 2.000
51, 39, 1.000
16, 3, 2.705
19, 14, 1.969
2, 42, 2.786
41, 29, 1.300
22, 41, 1.444
5, 47, 1.125
9, 36, 2.006
66, 15, 2.000
47, 19, 1.000
34, 36, 3.000
17, 36, 1.829
56, 9, 1.000
37, 41, 1.000
42, 36, 1.333
23, 10, 1.953
45, 25, 1.077
10, 13, 2.119
13, 48, 1.778
35, 31, 1.706
60, 13, 6.000
25, 21, 1.689
63, 0, 3.429
14, 49, 1.500
53, 26, 1.000
1, 12, 3.428
39, 27, 1.429
4, 15, 2.698
29, 1, 3.298
21, 65, 1.000
54, 11, 1.000
19, 23, 1.753
2, 37, 2.789
41, 6, 1.840
22, 32, 1.669
5, 40, 2.179
9, 45, 1.450
66, 6, 2.000
47, 24, 1.750
30, 32, 1.643
69, 11, 1.000
17, 29, 1.762
42, 47, 1.000
23, 3, 2.620
45, 18, 1.818
10, 52, 1.000
32, 9, 2.168
31, 67, 1.000
35, 4, 2.687
18, 52, 1.000
38, 51, 1.000
60, 4, 2.000
25, 30, 1.535
11, 31, 1.976
1, 5, 3.273
39, 16, 2.640
26, 7, 2.119
48, 24, 2.333
29, 26, 1.411
54, 2, 1.000
19, 28, 1.675
2, 60, 2.000
41, 15, 1.695
5, 17, 2.656
27, 44, 1.364
66, 1, 1.000
47, 33, 4.000
30, 43, 1.300
34, 54, 1.000
17, 22, 1.806
20, 5, 2.433
42, 22, 1.640
23, 24, 1.622
6, 48, 1.167
45, 11, 1.529
10, 63, 1.000
32, 0, 5.015
13, 34, 1.827
35, 13, 1.643
18, 47, 2.375
38, 42, 1.000
60, 3, 1.000
11, 20, 1.932
50, 41, 1.000
14, 3, 2.958
36, 20, 1.460
1, 30, 3.369
39, 9, 1.659
22, 67, 2.000
26, 14, 1.995
48, 31, 1.000
29, 19, 1.543
15, 32, 2.081
54, 5, 1.500
19, 37, 1.681
2, 55, 1.500
22, 50, 1.286
5, 26, 2.307
27, 37, 1.488
66, 24, 4.000
30, 18, 1.945
34, 49, 3.000
17, 15, 1.940
20, 12, 1.853
42, 17, 2.103
23, 17, 1.753
6, 43, 2.226
45, 4, 2.235
10, 38, 1.971
32, 7, 2.321
35, 50, 1.000
18, 38, 1.469
15, 67, 1.000
8, 16, 2.301
11, 13, 2.082
50, 32, 1.000
14, 10, 2.093
36, 19, 2.028
1, 23, 3.402
39, 6, 2.216
26, 9, 2.010
48, 22, 1.500
51, 3, 1.000
15, 41, 1.672
54, 28, 1.000
19, 42, 1.371
2, 14, 3.258
22, 53, 1.500
5, 3, 2.858
9, 64, 3.500
66, 19, 1.667
30, 21, 1.913
17, 0, 6.319
20, 11, 1.936
3, 53, 3.000
42, 24, 1.500
23, 46, 1.333
6, 34, 2.133
10, 33, 1.891
67, 16, 2.000
32, 30, 1.643
52, 31, 1.000
18, 33, 1.735
57, 10, 2.500
38, 36, 1.250
3, 66, 1.000
43, 43, 1.000
8, 23, 1.989
11, 2, 3.201
14, 13, 2.144
36, 26, 1.429
13, 41, 1.455
61, 14, 2.000
26, 16, 1.725
48, 13, 1.875
51, 8, 3.500
15, 54, 1.000
19, 51, 1.000
2, 9, 3.086
24, 38, 1.422
5, 12, 2.640
30, 28, 1.443
34, 67, 3.000
55, 12, 1.667
20, 18, 1.837
3, 58, 1.500
42, 3, 2.651
31, 46, 1.000
6, 37, 2.393
10, 40, 1.600
67, 25, 6.000
32, 21, 1.653
31, 39, 1.412
35, 32, 2.029
18, 24, 1.890
43, 32, 1.000
8, 30, 2.251
7, 62, 1.000
11, 59, 3.000
33, 10, 1.818
14, 20, 1.839
36, 1, 3.589
32, 67, 1.000
39, 52, 1.000
61, 7, 1.000
26, 27, 1.522
48, 4, 1.556
12, 26, 1.782
51, 17, 2.000
15, 63, 3.000
58, 30, 1.000
19, 56, 1.500
2, 0, 4.484
24, 45, 1.300
27, 8, 2.023
10, 64, 1.500
49, 27, 1.667
30, 7, 2.347
55, 5, 2.000
20, 25, 1.739
3, 35, 2.593
42, 10, 1.462
6, 28, 2.321
28, 41, 1.000
32, 44, 1.100
31, 44, 1.375
35, 41, 2.000
18, 19, 1.753
21, 6, 2.277
4, 66, 1.000
43, 25, 1.571
8, 5, 2.654
11, 50, 1.500
11, 48, 1.286
33, 3, 2.886
14, 31, 1.609
36, 8, 2.127
61, 0, 1.667
7, 68, 1.200
12, 17, 1.960
51, 22, 1.333
15, 4, 2.709
19, 65, 1.750
2, 27, 3.091
24, 52, 1.000
27, 1, 3.585
49, 28, 1.500
30, 14, 1.787
0, 45, 2.667
55, 2, 1.500
20, 32, 1.722
3, 40, 2.238
23, 53, 1.000
6, 23, 2.258
64, 10, 1.500
28, 32, 1.560
67, 7, 2.500
32, 35, 2.031
31, 21, 1.737
35, 46, 1.000
18, 10, 2.049
40, 35, 1.000
21, 15, 1.797
43, 30, 1.000
8, 12, 2.229
7, 44, 2.844
11, 41, 1.600
33, 4, 2.469
16, 60, 2.500
58, 4, 1.000
39, 42, 1.000
61, 25, 1.000
9, 19, 2.022
12, 8, 2.236
23, 68, 1.000
15, 13, 1.979
37, 16, 1.543
2, 18, 3.224
24, 59, 1.500
27, 6, 2.107
49, 21, 1.000
52, 6, 1.000
0, 36, 4.940
20, 47, 1.000
3, 17, 2.927
23, 50, 1.500
6, 14, 2.536
64, 1, 5.667
28, 63, 1.000
67, 12, 1.667
31, 18, 1.704
18, 5, 2.522
40, 42, 1.333
21, 8, 2.157
4, 48, 1.625
43, 23, 1.167
8, 51, 4.333
7, 37, 2.401
46, 0, 5.727
11, 46, 2.647
68, 21, 1.500
33, 29, 1.750
16, 51, 2.667
58, 15, 1.500
39, 35, 1.111
9, 20, 2.125
48, 41, 1.000
12, 7, 2.361
16, 66, 1.000
15, 10, 2.092
37, 25, 1.480
24, 2, 3.207
27, 31, 1.658
49, 14, 1.636
52, 13, 2.000
0, 59, 2.556
3, 22, 2.865
25, 37, 1.460
6, 1, 3.338
28, 54, 1.333
31, 27, 1.557
14, 65, 1.333
40, 17, 1.460
21, 17, 1.822
4, 63, 1.333
43, 12, 1.325
8, 58, 1.000
7, 34, 2.354
46, 11, 2.929
11, 39, 1.976
68, 28, 1.000
33, 22, 1.897
16, 42, 2.038
36, 37, 1.312
44, 37, 1.000
9, 29, 2.023
48, 32, 2.667
12, 62, 3.000
34, 15, 1.756
15, 19, 1.857
37, 2, 2.917
24, 9, 2.042
27, 20, 1.655
49, 7, 2.000
13, 25, 1.860
52, 20, 1.000
0, 50, 4.667
3, 31, 3.057
25, 46, 1.833
28, 13, 1.699
50, 30, 1.333
31, 0, 5.274
40, 24, 1.774
21, 26, 1.653
4, 38, 2.520
43, 5, 2.182
8, 33, 2.410
7, 27, 2.123
46, 18, 1.333
29, 42, 1.250
68, 27, 1.500
33, 47, 4.000
16, 33, 1.801
36, 44, 1.000
58, 17, 1.500
22, 11, 1.913
44, 28, 1.000
9, 6, 2.373
12, 53, 1.500
34, 6, 2.120
15, 24, 1.809
37, 11, 1.832
24, 16, 1.762
13, 18, 2.015
52, 19, 2.000
0, 9, 5.809
38, 26, 1.263
3, 4, 2.926
64, 22, 1.000
28, 4, 2.751
50, 25, 1.000
31, 9, 2.038
1, 46, 3.444
40, 31, 1.222
21, 35, 1.583
4, 45, 3.421
8, 40, 1.889
7, 16, 2.421
65, 9, 1.375
46, 21, 1.545
29, 35, 1.902
68, 2, 1.000
33, 32, 1.600
16, 24, 1.764
36, 43, 1.333
17, 66, 2.200
41, 32, 1.200
22, 2, 3.335
44, 27, 1.308
9, 15, 2.050
12, 44, 1.238
34, 1, 2.782
17, 63, 4.000
37, 52, 1.000
59, 11, 3.000
24, 23, 1.630
10, 22, 1.912
13, 11, 2.103
0, 0, 5.287
38, 29, 1.381
3, 13, 2.901
8, 64, 4.000
28, 3, 2.725
50, 16, 1.200
53, 5, 2.250
1, 39, 3.286
40, 6, 1.950
21, 44, 1.692
4, 20, 2.586
8, 47, 1.444
7, 9, 2.449
65, 2, 1.000
46, 28, 6.000
68, 9, 1.143
33, 57, 1.000
16, 31, 1.737
54, 44, 2.000
41, 41, 1.000
22, 5, 2.547
5, 51, 1.000
44, 18, 2.562
9, 48, 1.500
47, 7, 1.867
12, 43, 1.333
34, 24, 1.644
17, 48, 1.857
59, 0, 2.556
24, 30, 1.717
5, 68, 1.000
62, 15, 1.000
10, 17, 2.154
13, 4, 2.706
0, 7, 5.621
38, 20, 1.438
25, 1, 3.812
63, 20, 1.000
28, 26, 1.531
50, 11, 1.500
53, 14, 1.333
1, 56, 1.000
40, 13, 1.861
4, 19, 2.805
26, 32, 1.632
7, 6, 2.558
65, 27, 1.000
11, 67, 1.333
33, 50, 1.000
16, 22, 1.816
19, 3, 2.954
41, 18, 1.588
22, 28, 1.759
5, 60, 1.000
44, 9, 1.655
9, 57, 3.000
47, 12, 1.000
12, 34, 1.662
34, 19, 1.644
17, 41, 2.703
37, 38, 1.000
59, 25, 1.500
42, 51, 1.000
10, 24, 1.908
13, 61, 1.500
35, 16, 1.683
0, 30, 5.518
38, 15, 1.524
25, 10, 1.894
28, 17, 1.685
50, 2, 1.000
14, 36, 1.574
53, 23, 1.000
1, 49, 1.000
21, 62, 5.500
4, 26, 2.361
26, 43, 2.000
46, 46, 1.000
29, 14, 1.684
16, 13, 2.020
19, 8, 2.141
41, 27, 1.316
22, 23, 1.599
5, 37, 2.137
44, 0, 5.048
9, 34, 1.936
47, 21, 3.125
34, 42, 1.111
17, 34, 1.630
56, 3, 1.000
37, 47, 1.000
59, 30, 1.000
23, 12, 1.850
45, 31, 1.000
10, 3, 2.847
49, 36, 1.000
35, 25, 1.529
0, 21, 6.034
38, 6, 2.380
25, 19, 1.735
14, 47, 1.571
31, 7, 2.102
1, 10, 3.432
39, 29, 1.615
4, 1, 3.188
26, 50, 1.000
65, 21, 1.000
29, 7, 2.141
12, 65, 6.000
51, 38, 1.000
16, 4, 2.732
21, 66, 1.000
19, 17, 1.867
2, 43, 1.909
41, 28, 1.471
22, 46, 1.429
5, 46, 2.053
9, 43, 1.511
66, 12, 2.250
47, 18, 3.875
34, 37, 1.071
15, 69, 1.667
56, 10, 2.000
37, 40, 1.462
59, 23, 1.000
42, 37, 1.000
23, 5, 2.461
45, 24, 1.500
10, 10, 2.227
13, 47, 2.000
35, 30, 1.500
18, 58, 1.000
60, 14, 4.500
25, 20, 1.767
63, 3, 1.000
11, 25, 1.835
14, 54, 1.000
53, 25, 1.250
1, 3, 3.180
21, 64, 1.000
4, 8, 2.748
29, 0, 5.856
54, 8, 1.667
19, 22, 1.824
2, 34, 3.227
41, 5, 2.208
22, 33, 1.834
5, 23, 2.425
9, 44, 1.577
66, 7, 1.833
47, 27, 1.000
30, 33, 1.500
69, 10, 1.000
15, 66, 2.000
42, 44, 1.000
23, 2, 3.266
6, 62, 1.000
45, 17, 1.071
10, 53, 1.000
32, 10, 1.796
13, 40, 1.831
35, 7, 2.071
18, 53, 1.500
38, 48, 1.000
60, 5, 1.000
25, 29, 1.433
11, 30, 1.992
50, 47, 1.000
14, 57, 1.000
18, 68, 1.000
1, 4, 3.181
39, 19, 1.489
26, 4, 2.403
48, 25, 1.000
29, 25, 1.439
54, 3, 1.000
19, 31, 1.687
41, 14, 1.580
5, 16, 2.662
27, 47, 1.000
47, 32, 1.000
30, 40, 1.438
17, 21, 1.831
55, 32, 1.000
20, 6, 2.365
24, 65, 2.000
23, 27, 1.716
6, 49, 1.000
45, 10, 2.786
10, 60, 1.000
32, 1, 3.129
13, 33, 1.812
35, 12, 1.958
18, 44, 2.688
38, 43, 1.833
15, 64, 1.333
11, 23, 1.864
14, 0, 6.354
36, 21, 1.533
1, 29, 3.442
39, 8, 2.029
22, 64, 1.000
26, 15, 1.639
48, 16, 1.125
29, 18, 1.618
15, 35, 1.830
19, 36, 2.096
2, 52, 13.000
22, 51, 1.250
5, 25, 2.546
27, 36, 1.618
66, 25, 2.000
30, 19, 1.710
52, 36, 2.000
17, 14, 2.028
0, 66, 1.000
20, 13, 1.974
42, 30, 1.333
23, 16, 1.804
6, 40, 1.869
45, 3, 3.294
10, 39, 1.764
67, 42, 3.000
32, 24, 1.624
31, 48, 1.000
18, 39, 1.625
57, 0, 4.500
38, 34, 1.250
43, 53, 2.000
8, 17, 2.263
11, 12, 2.054
50, 33, 1.500
14, 11, 2.136
36, 28, 1.105
1, 22, 3.378
39, 1, 3.224
26, 22, 1.552
48, 23, 1.000
51, 2, 4.500
15, 40, 2.045
19, 45, 1.091
2, 15, 3.103
24, 32, 1.624
5, 2, 2.940
66, 16, 1.000
30, 26, 1.657
17, 7, 2.232
20, 20, 1.730
3, 52, 11.000
42, 25, 1.696
23, 41, 1.857
6, 35, 2.139
10, 46, 1.529
32, 31, 1.323
18, 30, 1.871
57, 9, 3.000
38, 37, 1.100
3, 69, 1.000
43, 42, 2.667
8, 24, 2.058
11, 5, 2.609
14, 18, 1.859
36, 27, 1.636
32, 66, 1.000
61, 13, 1.500
26, 17, 1.604
48, 14, 1.833
12, 28, 1.746
51, 11, 1.600
15, 49, 2.333
19, 50, 1.667
2, 6, 2.963
24, 39, 2.023
5, 11, 2.573
27, 50, 1.500
30, 29, 1.642
52, 42, 1.000
55, 15, 1.000
20, 19, 1.842
3, 61, 1.333
42, 0, 5.065
23, 38, 1.490
6, 26, 2.216
10, 41, 1.613
67, 24, 2.000
32, 22, 1.765
31, 38, 2.091
35, 35, 1.632
18, 25, 1.958
4, 68, 1.833
43, 35, 1.000
8, 31, 2.143
7, 57, 4.000
11, 58, 2.000
33, 9, 1.962
14, 21, 1.896
36, 2, 2.773
39, 55, 2.000
61, 6, 1.500
26, 24, 1.573
48, 5, 2.250
12, 27, 1.867
51, 16, 2.667
15, 62, 1.000
19, 59, 15.000
2, 1, 3.276
24, 46, 2.000
27, 11, 1.838
10, 65, 3.000
49, 26, 3.000
30, 4, 2.672
20, 26, 1.646
3, 34, 2.473
42, 11, 1.691
6, 29, 2.419
28, 42, 1.350
32, 45, 1.000
13, 69, 1.000
35, 40, 1.000
18, 16, 1.957
21, 5, 2.468
4, 67, 1.000
43, 24, 2.333
8, 6, 2.517
7, 54, 2.000
11, 51, 1.500
33, 2, 3.027
14, 28, 1.994
36, 9, 1.958
12, 18, 1.930
51, 25, 1.000
15, 7, 2.379
37, 22, 1.672
2, 24, 3.268
24, 53, 1.000
27, 0, 5.978
49, 19, 1.083
30, 15, 1.739
0, 46, 6.667
20, 33, 1.645
3, 43, 3.120
23, 52, 1.000
6, 20, 2.353
64, 11, 5.667
28, 33, 1.446
67, 6, 2.000
32, 36, 1.429
31, 20, 1.852
53, 39, 1.000
18, 11, 1.978
40, 36, 1.857
21, 14, 1.942
43, 17, 1.750
8, 13, 2.304
7, 47, 2.188
11, 40, 1.986
33, 27, 1.639
16, 61, 2.000
36, 48, 1.333
19, 64, 1.000
58, 5, 6.500
39, 37, 1.300
9, 18, 2.100
12, 9, 2.177
15, 12, 2.012
37, 31, 1.464
2, 19, 3.221
26, 66, 1.333
27, 25, 1.547
49, 20, 2.000
52, 7, 1.400
0, 37, 5.023
20, 40, 1.850
3, 16, 2.695
25, 35, 1.438
6, 15, 2.530
64, 2, 2.500
67, 15, 1.000
31, 29, 1.298
18, 2, 3.207
40, 43, 1.000
21, 23, 1.635
4, 49, 1.400
43, 22, 1.826
7, 36, 2.170
46, 1, 3.444
11, 33, 1.825
68, 22, 1.333
33, 28, 1.420
16, 52, 1.667
58, 12, 2.500
39, 34, 1.000
9, 27, 2.111
12, 0, 6.102
16, 67, 2.000
15, 21, 1.790
37, 24, 1.730
24, 3, 2.919
62, 16, 1.000
27, 30, 1.588
49, 13, 2.000
13, 31, 1.758
0, 60, 2.000
20, 55, 1.000
3, 25, 2.949
25, 36, 1.653
6, 6, 2.544
32, 50, 1.000
31, 26, 1.979
53, 41, 1.000
40, 18, 2.304
21, 16, 1.860
4, 56, 1.000
43, 15, 1.190
8, 59, 1.000
7, 29, 2.125
46, 8, 1.786
11, 38, 1.836
68, 29, 1.200
33, 21, 1.606
16, 43, 1.435
36, 38, 1.333
41, 53, 1.000
44, 38, 1.750
9, 28, 1.906
48, 33, 2.500
31, 47, 1.000
12, 63, 3.500
34, 12, 1.675
15, 18, 1.929
37, 1, 3.476
24, 10, 1.909
27, 23, 1.736
49, 6, 1.000
13, 24, 1.851
52, 21, 1.000
0, 51, 4.500
3, 30, 3.005
25, 45, 1.091
64, 16, 1.000
28, 14, 1.969
50, 31, 1.000
31, 3, 3.033
40, 25, 1.290
21, 25, 1.701
4, 39, 2.873
43, 4, 1.714
8, 34, 1.929
7, 26, 2.119
46, 19, 1.625
29, 41, 1.316
68, 4, 1.833
16, 34, 1.696
36, 45, 2.000
17, 67, 2.333
22, 8, 2.148
44, 29, 1.500
9, 5, 2.586
12, 54, 1.000
34, 7, 2.437
15, 27, 1.653
37, 10, 1.865
24, 17, 1.664
62, 2, 5.000
13, 17, 2.036
0, 10, 6.091
38, 27, 1.656
3, 7, 2.803
9, 62, 1.000
28, 5, 2.382
50, 22, 1.286
31, 8, 2.205
1, 45, 3.200
40, 0, 4.757
21, 34, 1.519
4, 46, 3.294
8, 41, 2.371
7, 19, 2.195
65, 8, 1.000
46, 26, 1.000
29, 34, 1.383
33, 39, 1.706
16, 25, 1.811
2, 68, 1.000
41, 39, 1.667
22, 3, 2.851
44, 20, 1.214
9, 14, 2.150
12, 45, 1.500
34, 30, 1.854
17, 62, 1.000
59, 10, 2.000
24, 24, 1.715
62, 5, 1.500
10, 23, 1.996
13, 10, 2.148
52, 27, 1.000
0, 1, 4.316
38, 18, 1.545
3, 12, 2.831
25, 63, 1.667
8, 65, 1.000
28, 28, 1.543
50, 17, 1.417
23, 39, 1.657
1, 38, 3.349
40, 7, 2.074
21, 43, 1.842
4, 21, 2.619
26, 38, 1.375
7, 8, 2.522
65, 1, 4.000
46, 29, 1.250
29, 59, 1.000
68, 10, 1.400
16, 16, 2.065
41, 40, 1.000
22, 26, 1.580
5, 50, 1.167
44, 19, 1.750
66, 32, 1.000
47, 6, 1.667
12, 36, 1.816
23, 66, 6.000
34, 25, 1.571
59, 3, 2.000
24, 31, 1.636
5, 67, 1.000
62, 12, 3.000
45, 44, 1.000
10, 30, 1.956
13, 3, 2.924
0, 24, 6.032
38, 21, 1.382
25, 0, 6.023
28, 27, 1.559
50, 8, 1.400
14, 34, 1.659
53, 13, 1.000
1, 63, 4.000
40, 14, 1.810
21, 52, 1.000
4, 28, 2.755
26, 33, 1.567
7, 1, 3.352
46, 36, 1.000
11, 66, 1.333
33, 49, 1.000
16, 23, 1.751
19, 2, 3.202
41, 17, 2.590
22, 29, 1.657
5, 59, 1.000
44, 10, 1.565
9, 56, 1.000
47, 15, 1.000
12, 35, 2.023
69, 30, 1.000
34, 16, 1.693
17, 40, 1.491
37, 37, 1.250
59, 24, 1.500
42, 48, 3.000
45, 37, 2.000
10, 25, 1.969
49, 34, 3.000
13, 60, 6.000
35, 19, 1.594
0, 31, 5.208
38, 12, 1.561
25, 9, 2.015
63, 28, 1.000
28, 18, 1.819
50, 3, 1.667
14, 37, 1.562
53, 22, 1.500
1, 48, 9.000
21, 61, 3.000
4, 27, 2.647
26, 40, 1.125
65, 19, 2.000
29, 13, 1.782
16, 14, 1.977
21, 67, 1.667
19, 11, 1.990
41, 26, 2.294
22, 20, 1.715
5, 36, 2.257
44, 1, 2.611
9, 33, 1.980
47, 20, 1.000
30, 52, 1.000
69, 7, 1.000
34, 43, 2.667
17, 33, 1.756
56, 4, 1.000
37, 46, 2.000
59, 17, 1.000
23, 15, 1.781
45, 30, 2.000
10, 0, 6.134
13, 53, 1.000
35, 24, 1.831
0, 22, 6.025
38, 7, 2.000
25, 18, 1.980
63, 5, 7.667
14, 44, 1.381
1, 9, 3.393
39, 28, 1.424
4, 2, 2.994
65, 20, 3.000
29, 6, 2.386
12, 66, 2.250
51, 41, 1.000
16, 5, 2.694
13, 64, 1.000
19, 16, 1.871
2, 40, 3.837
41, 3, 2.833
22, 47, 1.300
5, 45, 2.364
9, 42, 1.745
66, 13, 1.333
47, 29, 1.750
34, 34, 1.400
15, 68, 1.000
56, 11, 1.000
42, 34, 1.111
23, 4, 2.717
6, 68, 1.000
45, 23, 1.111
10, 11, 2.146
13, 46, 1.769
35, 1, 3.802
18, 59, 2.000
60, 15, 1.500
25, 27, 1.594
63, 2, 7.000
11, 24, 1.855
14, 55, 1.000
53, 24, 1.000
1, 2, 3.277
39, 21, 1.732
4, 9, 2.732
29, 31, 1.312
51, 46, 1.000
54, 9, 1.500
19, 25, 1.897
2, 35, 2.737
17, 68, 1.000
41, 4, 4.551
22, 38, 1.432
5, 22, 2.510
27, 41, 1.167
66, 4, 1.000
47, 26, 1.000
30, 38, 1.727
69, 9, 1.000
17, 19, 1.843
23, 29, 1.746
6, 63, 5.333
45, 16, 1.941
10, 50, 2.273
32, 11, 1.856
13, 39, 1.764
35, 6, 2.150
18, 50, 2.000
38, 49, 1.000
15, 65, 3.000
60, 6, 3.500
25, 28, 1.607
63, 11, 3.000
11, 17, 2.012
14, 62, 3.000
1, 27, 3.547
39, 18, 1.759
26, 5, 2.353
48, 26, 1.000
29, 24, 1.585
15, 37, 1.818
19, 30, 1.686
41, 13, 1.418
5, 31, 2.403
27, 46, 1.200
47, 35, 1.000
30, 41, 1.533
17, 20, 1.788
20, 7, 2.262
42, 20, 1.667
23, 26, 1.627
6, 54, 2.000
45, 9, 1.750
10, 61, 4.000
32, 2, 2.993
13, 32, 1.875
35, 15, 1.826
18, 45, 1.900
38, 40, 1.250
11, 22, 1.940
14, 1, 3.647
36, 22, 1.725
1, 28, 3.665
39, 11, 1.938
22, 65, 3.000
26, 12, 1.841
48, 17, 1.857
29, 17, 1.757
15, 34, 1.804
54, 27, 1.000
19, 39, 1.370
2, 53, 3.000
22, 48, 1.333
5, 24, 2.408
27, 39, 1.375
66, 22, 1.400
47, 40, 1.000
30, 16, 1.754
52, 37, 1.000
17, 13, 2.030
20, 14, 1.837
42, 31, 1.700
23, 19, 1.752
6, 41, 1.824
45, 2, 1.733
10, 36, 2.011
32, 25, 2.000
35, 52, 3.000
18, 36, 1.672
57, 7, 4.000
38, 35, 1.588
60, 20, 1.000
43, 52, 2.000
8, 18, 2.200
11, 15, 2.054
14, 8, 2.287
36, 29, 1.588
1, 21, 3.668
39, 0, 5.621
26, 23, 1.606
48, 8, 1.400
51, 5, 1.000
15, 43, 1.211
54, 18, 2.000
19, 44, 1.714
2, 12, 3.092
24, 33, 1.839
5, 1, 3.268
66, 17, 2.200
27, 59, 1.000
30, 27, 1.583
17, 6, 2.403
20, 21, 1.857
3, 55, 2.000
42, 6, 2.550
23, 40, 1.571
6, 32, 2.309
10, 47, 1.333
67, 18, 1.000
32, 16, 2.004
18, 31, 1.734
57, 8, 1.000
40, 48, 1.000
43, 45, 1.000
8, 25, 2.040
28, 68, 1.000
11, 4, 2.683
14, 19, 1.959
36, 4, 2.455
26, 30, 1.662
48, 15, 1.167
12, 29, 1.774
51, 10, 1.200
15, 48, 1.143
54, 21, 1.000
2, 7, 3.130
24, 40, 1.812
5, 10, 2.657
30, 2, 3.419
52, 43, 2.000
55, 14, 1.000
20, 28, 1.770
3, 60, 1.000
42, 1, 1.870
23, 33, 1.954
6, 27, 2.152
28, 44, 1.000
32, 23, 1.816
31, 33, 1.714
35, 34, 1.750
18, 22, 1.752
4, 69, 1.000
43, 34, 2.500
8, 0, 5.653
7, 56, 1.000
11, 61, 8.000
33, 8, 2.547
14, 26, 1.943
36, 3, 2.987
11, 53, 1.500
61, 5, 2.167
26, 25, 1.516
48, 6, 1.167
12, 20, 1.899
51, 19, 1.000
15, 57, 1.000
19, 58, 1.500
2, 30, 3.468
24, 47, 1.750
27, 10, 2.031
49, 25, 1.800
30, 5, 2.749
0, 40, 4.868
55, 7, 1.000
20, 27, 1.679
3, 37, 3.456
42, 8, 1.833
6, 18, 2.351
28, 43, 1.200
32, 46, 1.000
13, 68, 1.000
35, 43, 1.000
18, 17, 1.958
21, 4, 2.624
43, 27, 1.111
8, 7, 2.530
7, 49, 2.000
29, 68, 1.200
33, 1, 4.144
14, 29, 1.646
3, 67, 2.000
36, 10, 1.953
37, 23, 1.686
12, 19, 1.956
51, 24, 2.500
15, 6, 2.505
37, 21, 1.891
2, 25, 3.049
24, 54, 1.000
27, 3, 3.024
49, 18, 3.000
30, 12, 1.930
0, 47, 5.778
20, 34, 1.766
3, 42, 2.487
6, 21, 2.337
64, 12, 2.000
28, 34, 1.695
67, 9, 1.000
32, 37, 1.294
31, 23, 1.750
53, 38, 2.000
18, 8, 2.216
40, 37, 1.500
21, 13, 1.818
43, 16, 1.435
8, 14, 2.269
7, 46, 2.150
11, 43, 1.733
33, 26, 1.792
16, 62, 1.000
36, 49, 1.000
39, 36, 1.286
61, 23, 1.000
9, 17, 2.142
12, 10, 2.120
15, 15, 1.989
37, 30, 2.000
2, 16, 3.110
27, 24, 1.712
49, 11, 1.556
52, 0, 1.000
0, 38, 5.363
55, 21, 1.000
20, 41, 1.436
3, 19, 2.921
25, 34, 1.459
6, 12, 2.404
64, 3, 3.333
67, 14, 1.000
29, 52, 1.000
31, 28, 1.774
18, 3, 2.944
40, 44, 1.000
21, 22, 1.793
4, 50, 2.167
43, 9, 1.583
8, 53, 1.500
7, 39, 2.000
46, 6, 1.833
11, 32, 1.847
68, 23, 1.000
33, 19, 1.695
41, 51, 1.000
61, 16, 2.000
44, 40, 1.000
9, 26, 1.985
12, 1, 3.462
16, 68, 1.286
15, 20, 1.845
37, 7, 2.453
20, 65, 3.000
24, 4, 2.774
62, 17, 1.000
27, 17, 1.815
49, 12, 2.200
13, 30, 1.836
52, 15, 1.000
0, 61, 1.667
20, 48, 1.800
3, 24, 2.964
25, 43, 1.571
6, 7, 2.566
28, 48, 2.000
31, 5, 2.209
40, 19, 1.596
21, 31, 1.668
43, 14, 1.543
7, 28, 2.287
46, 9, 1.444
29, 47, 1.750
33, 20, 1.587
16, 44, 1.762
36, 39, 1.294
9, 3, 2.907
48, 34, 1.000
34, 13, 1.811
15, 29, 1.827
37, 0, 4.933
24, 11, 1.869
27, 22, 1.614
49, 5, 1.000
13, 23, 1.801
20, 63, 1.000
3, 1, 3.193
25, 44, 1.462
64, 17, 2.000
28, 15, 1.766
50, 28, 1.333
31, 2, 3.305
53, 49, 1.000
1, 43, 2.812
40, 26, 2.111
21, 24, 1.622
4, 32, 2.304
43, 7, 2.205
8, 35, 2.005
7, 21, 2.184
46, 16, 2.545
29, 40, 1.615
68, 5, 1.000
33, 45, 1.000
16, 35, 1.675
36, 46, 1.000
22, 9, 2.047
26, 68, 2.000
9, 4, 2.756
12, 55, 1.667
34, 4, 2.600
15, 26, 1.671
37, 9, 1.750
24, 18, 1.872
62, 3, 2.500
13, 16, 2.032
52, 29, 1.000
0, 11, 6.083
38, 24, 1.372
3, 6, 2.928
25, 53, 1.000
28, 6, 2.368
50, 23, 1.500
31, 11, 2.032
1, 44, 2.810
40, 1, 2.543
21, 33, 1.635
4, 47, 3.071
8, 42, 1.792
7, 18, 2.376
65, 15, 3.000
46, 27, 1.000
29, 33, 1.868
68, 12, 1.000
33, 38, 2.857
16, 26, 1.715
41, 38, 1.000
22, 0, 6.080
44, 21, 1.600
9, 13, 2.134
12, 46, 1.778
34, 31, 1.650
37, 50, 1.000
59, 13, 13.000
24, 25, 1.610
45, 50, 1.000
10, 20, 2.049
13, 9, 2.143
0, 2, 4.476
38, 19, 1.651
3, 15, 2.776
8, 66, 2.375
28, 29, 1.545
50, 14, 6.000
53, 3, 3.000
1, 37, 3.432
40, 8, 1.733
21, 42, 1.697
4, 22, 2.552
26, 39, 1.182
7, 11, 2.409
46, 34, 3.500
29, 58, 2.000
68, 11, 1.250
16, 17, 1.942
22, 27, 1.820
5, 49, 1.000
44, 12, 1.227
9, 54, 1.500
23, 49, 2.000
47, 1, 2.500
12, 37, 1.664
69, 20, 1.000
34, 22, 1.567
17, 54, 1.000
59, 2, 1.250
5, 66, 2.000
45, 43, 1.000
10, 31, 2.024
49, 40, 3.000
13, 2, 3.206
0, 25, 5.938
38, 10, 1.913
25, 7, 2.190
28, 20, 1.789
50, 9, 1.333
14, 35, 2.064
53, 12, 1.500
1, 62, 14.000
40, 15, 2.109
21, 51, 1.667
4, 29, 2.576
26, 46, 2.500
7, 0, 5.702
46, 37, 2.250
11, 69, 1.000
33, 48, 2.400
16, 8, 2.294
21, 68, 1.333
19, 5, 2.534
41, 16, 2.323
22, 18, 1.756
5, 58, 6.500
31, 25, 1.560
44, 11, 1.645
47, 14, 1.357
30, 50, 1.333
34, 17, 1.665
17, 47, 1.000
37, 36, 1.312
59, 27, 1.000
45, 36, 2.000
10, 6, 2.502
49, 33, 1.000
13, 59, 13.000
42, 67, 3.000
35, 18, 1.588
0, 16, 6.233
38, 13, 1.706
25, 8, 2.048
28, 19, 1.698
50, 0, 4.000
14, 42, 1.463
1, 55, 1.000
21, 60, 3.000
4, 4, 2.865
26, 41, 2.222
65, 18, 1.000
29, 12, 1.773
12, 68, 1.000
16, 15, 2.026
19, 10, 2.092
2, 46, 2.538
41, 25, 1.520
22, 21, 1.759
5, 35, 2.190
44, 2, 2.769
9, 32, 2.079
47, 23, 1.556
34, 40, 1.111
17, 32, 1.746
56, 5, 1.000
37, 45, 2.000
23, 14, 1.728
6, 66, 2.000
45, 29, 1.000
10, 1, 3.432
30, 68, 1.000
13, 52, 2.000
35, 27, 1.417
0, 23, 6.095
38, 4, 2.659
25, 17, 1.675
63, 4, 1.333
14, 45, 1.154
53, 30, 1.000
1, 8, 3.310
39, 31, 1.438
4, 3, 2.931
26, 48, 1.000
29, 5, 2.542
12, 67, 1.667
16, 6, 2.415
19, 19, 1.925
2, 41, 2.976
41, 2, 2.976
22, 44, 1.538
5, 44, 3.206
9, 41, 1.806
66, 10, 2.000
47, 28, 1.000
69, 15, 1.667
34, 35, 1.609
17, 25, 1.659
59, 41, 1.000
42, 35, 1.000
23, 7, 2.358
45, 22, 1.143
10, 8, 2.303
13, 45, 1.125
35, 0, 5.075
25, 26, 1.532
63, 13, 18.000
11, 27, 1.813
14, 52, 1.000
1, 1, 3.242
39, 20, 1.464
4, 10, 2.683
26, 59, 2.000
44, 68, 1.000
29, 30, 1.597
51, 49, 1.000
54, 14, 1.000
19, 24, 1.653
2, 32, 2.847
41, 11, 1.565
22, 39, 1.481
5, 21, 2.486
27, 40, 1.917
66, 5, 2.000
47, 37, 1.000
30, 39, 1.286
69, 8, 1.000
17, 18, 1.955
56, 19, 1.333
42, 42, 2.000
23, 28, 1.718
6, 60, 3.500
45, 15, 1.222
10, 51, 1.167
32, 12, 1.789
13, 38, 1.709
35, 9, 2.179
18, 51, 2.200
60, 7, 2.000
63, 10, 1.000
11, 16, 2.028
50, 45, 1.000
23, 61, 1.000
14, 63, 2.667
18, 66, 1.000
1, 26, 3.612
39, 13, 1.750
26, 2, 3.218
48, 27, 1.000
29, 23, 1.648
15, 36, 1.700
19, 33, 1.736
2, 59, 1.250
41, 12, 1.951
22, 62, 1.500
5, 30, 2.735
27, 33, 1.643
47, 34, 1.000
30, 46, 2.333
17, 11, 2.037
20, 0, 6.363
42, 21, 1.645
23, 21, 1.598
6, 55, 1.667
64, 23, 18.000
45, 8, 1.364
10, 58, 1.000
32, 3, 3.026
35, 14, 2.017
18, 42, 1.526
38, 41, 1.200
11, 9, 2.264
50, 36, 1.000
14, 6, 2.564
36, 23, 1.683
1, 19, 3.196
39, 10, 1.588
26, 13, 1.878
48, 18, 1.333
29, 16, 1.802
15, 45, 1.500
54, 24, 1.000
19, 38, 1.415
2, 50, 1.000
22, 49, 4.200
5, 7, 2.650
27, 38, 1.483
30, 17, 1.728
17, 12, 1.961
20, 15, 1.844
3, 49, 5.600
42, 28, 1.278
23, 18, 1.800
6, 46, 1.789
45, 1, 2.714
10, 37, 2.000
32, 26, 1.643
31, 50, 1.000
18, 37, 1.561
38, 32, 1.615
60, 21, 3.000
8, 19, 2.135
11, 14, 2.109
14, 9, 2.172
36, 30, 1.568
1, 20, 3.538
39, 3, 3.094
26, 20, 1.667
48, 9, 1.556
51, 4, 2.500
15, 42, 1.486
19, 47, 1.000
2, 13, 3.197
24, 34, 1.698
5, 0, 5.070
9, 69, 1.000
30, 24, 1.726
17, 5, 2.642
20, 22, 1.707
3, 54, 1.000
42, 7, 1.891
23, 43, 1.154
6, 33, 2.056
10, 44, 1.619
67, 21, 1.667
32, 17, 1.776
23, 44, 1.364
18, 28, 1.784
57, 15, 1.000
40, 49, 3.000
8, 26, 1.987
28, 69, 1.000
11, 7, 2.440
14, 16, 2.004
36, 5, 2.470
61, 11, 8.000
26, 31, 1.807
48, 0, 5.167
12, 30, 1.883
51, 13, 1.000
15, 51, 1.000
19, 52, 2.000
2, 4, 3.041
24, 41, 1.533
5, 9, 2.595
27, 52, 1.000
10, 68, 1.636
30, 3, 3.106
20, 29, 1.804
3, 63, 1.000
42, 14, 1.538
23, 32, 1.589
6, 24, 2.385
28, 45, 1.000
32, 40, 1.111
31, 32, 1.298
35, 37, 1.455
18, 23, 1.777
57, 16, 1.000
43, 37, 1.000
8, 1, 3.346
7, 59, 2.000
33, 15, 1.565
14, 27, 1.751
36, 12, 1.871
61, 4, 1.000
48, 7, 2.267
12, 21, 2.023
51, 18, 2.200
19, 61, 1.000
2, 31, 3.518
24, 48, 2.167
27, 13, 1.716
49, 24, 2.000
30, 10, 1.958
0, 41, 3.468
55, 6, 1.667
20, 36, 1.500
3, 36, 2.828
42, 9, 1.745
23, 57, 1.000
6, 19, 2.394
28, 36, 1.162
67, 3, 1.500
32, 47, 1.000
31, 41, 1.769
35, 42, 1.000
18, 14, 1.861
21, 3, 2.870
43, 26, 1.917
8, 8, 2.408
7, 48, 2.222
29, 67, 1.500
33, 0, 5.536
36, 11, 2.347
7, 65, 1.333
12, 12, 2.076
15, 1, 3.404
19, 66, 1.667
2, 22, 3.247
24, 55, 1.000
27, 2, 3.067
49, 17, 1.182
30, 13, 1.808
0, 32, 5.277
20, 35, 1.748
3, 45, 3.294
6, 10, 2.480
64, 13, 1.000
28, 35, 2.140
67, 8, 2.667
32, 38, 1.583
31, 22, 1.819
53, 37, 1.000
18, 9, 2.078
40, 38, 1.333
21, 12, 2.039
4, 52, 1.000
43, 19, 1.571
8, 15, 2.273
7, 41, 2.451
11, 42, 1.754
33, 25, 1.631
16, 63, 1.000
36, 50, 1.000
58, 3, 1.500
39, 39, 1.333
9, 16, 2.114
12, 11, 2.073
15, 14, 2.027
37, 29, 1.500
2, 17, 3.014
27, 27, 1.500
49, 10, 1.000
52, 1, 2.000
0, 39, 5.685
55, 20, 1.000
20, 42, 1.567
3, 18, 2.952
25, 33, 1.533
6, 13, 2.367
64, 4, 1.500
31, 31, 1.634
18, 0, 6.165
21, 21, 1.686
4, 51, 2.800
43, 8, 1.841
8, 54, 1.667
7, 38, 2.042
46, 7, 2.105
11, 35, 2.159
68, 16, 1.286
33, 18, 1.764
58, 10, 1.000
41, 50, 1.000
44, 41, 1.000
9, 25, 2.023
12, 2, 3.129
15, 23, 1.788
37, 6, 2.244
20, 66, 2.000
24, 5, 2.422
62, 22, 1.500
27, 16, 1.742
49, 3, 6.000
13, 29, 1.775
52, 8, 1.000
0, 62, 3.000
20, 49, 1.800
3, 27, 2.914
25, 42, 1.773
6, 4, 2.728
28, 49, 1.500
31, 4, 2.408
14, 68, 1.000
40, 20, 1.868
21, 30, 1.841
4, 58, 1.000
43, 1, 2.667
8, 61, 1.000
7, 31, 2.048
46, 14, 1.250
29, 46, 1.250
33, 43, 1.000
16, 45, 2.000
36, 32, 1.333
1, 66, 1.000
58, 21, 1.500
41, 59, 1.000
44, 32, 1.091
9, 2, 3.144
37, 68, 1.000
48, 35, 1.000
12, 57, 1.000
34, 10, 1.690
15, 28, 1.747
37, 15, 1.778
24, 12, 1.740
49, 4, 1.400
13, 22, 1.917
52, 23, 1.000
0, 53, 1.500
3, 0, 4.624
25, 51, 1.000
64, 18, 2.000
28, 8, 2.059
44, 30, 1.000
50, 29, 1.000
31, 13, 1.706
1, 42, 1.917
40, 27, 1.652
21, 39, 1.784
4, 33, 2.519
43, 6, 2.091
8, 36, 2.041
7, 20, 2.238
46, 17, 1.400
29, 39, 1.786
68, 6, 1.000
33, 44, 2.667
16, 36, 1.664
36, 47, 1.000
22, 14, 1.834
44, 31, 1.333
9, 11, 2.243
12, 48, 1.250
23, 64, 18.000
34, 5, 2.748
17, 59, 1.000
37, 8, 1.972
24, 19, 1.653
62, 0, 3.000
13, 15, 2.000
52, 30, 1.000
0, 12, 6.032
38, 25, 1.529
3, 9, 2.904
25, 52, 2.333
28, 7, 2.268
50, 20, 2.000
31, 10, 2.051
1, 35, 3.815
40, 2, 3.651
21, 32, 1.681
4, 40, 2.500
8, 43, 1.689
7, 13, 2.477
65, 14, 1.333
46, 24, 2.000
29, 32, 1.522
68, 13, 1.000
33, 37, 1.500
16, 27, 1.709
2, 66, 1.000
41, 37, 1.000
22, 1, 3.391
5, 55, 2.000
44, 22, 1.385
9, 12, 2.173
69, 21, 1.000
12, 47, 1.000
34, 28, 1.689
24, 26, 1.584
10, 21, 1.981
13, 8, 2.287
0, 3, 4.616
38, 16, 1.406
3, 14, 3.003
25, 61, 1.000
8, 67, 2.667
28, 30, 1.410
50, 15, 2.000
53, 2, 3.000
1, 36, 3.773
40, 9, 1.901
21, 41, 1.333
4, 23, 2.669
26, 36, 1.429
7, 10, 2.342
65, 7, 1.333
46, 35, 1.000
29, 57, 1.000
16, 18, 1.946
21, 69, 1.000
41, 46, 1.000
22, 24, 1.644
5, 48, 2.429
44, 13, 1.500
9, 53, 1.000
47, 0, 5.545
12, 38, 1.717
34, 23, 1.418
17, 53, 1.000
59, 5, 1.000
5, 65, 3.500
42, 18, 1.600
10, 28, 1.873
13, 1, 3.487
0, 26, 5.662
38, 11, 1.695
62, 6, 1.000
25, 6, 2.307
63, 17, 4.000
28, 21, 1.621
50, 6, 1.250
14, 32, 1.651
53, 11, 1.500
1, 61, 2.000
21, 50, 1.000
4, 30, 2.780
26, 47, 1.000
7, 3, 2.848
65, 24, 2.000
29, 50, 1.000
16, 9, 2.117
19, 4, 2.751
41, 23, 2.000
22, 19, 1.820
5, 57, 1.000
44, 4, 2.032
27, 68, 1.500
47, 9, 1.308
69, 28, 1.000
34, 46, 3.500
17, 46, 1.364
37, 35, 1.500
59, 26, 2.000
45, 35, 1.000
10, 7, 2.339
35, 21, 1.569
0, 17, 6.270
38, 2, 2.777
25, 15, 1.744
50, 1, 3.500
14, 43, 1.514
4, 5, 2.775
65, 17, 1.500
46, 45, 1.000
29, 11, 1.787
12, 69, 1.250
16, 0, 6.302
19, 13, 1.994
2, 47, 1.250
41, 24, 1.656
22, 42, 1.667
5, 34, 2.618
44, 3, 1.967
9, 39, 1.767
47, 22, 1.222
30, 58, 1.000
34, 41, 1.556
17, 39, 1.618
37, 44, 1.000
59, 19, 15.000
23, 9, 2.019
6, 67, 2.000
45, 28, 1.000
10, 14, 2.066
30, 69, 1.000
13, 51, 1.000
35, 26, 1.465
18, 62, 4.000
38, 5, 2.130
25, 16, 1.822
63, 7, 4.333
24, 67, 2.000
14, 50, 6.000
53, 29, 1.000
1, 15, 3.415
39, 30, 1.267
4, 12, 2.719
26, 49, 3.000
29, 4, 2.690
29, 53, 1.000
16, 7, 2.407
19, 18, 1.781
2, 38, 2.910
41, 1, 2.562
22, 45, 1.143
5, 43, 2.171
9, 40, 1.702
66, 11, 1.333
47, 31, 1.000
69, 14, 1.000
34, 32, 1.931
17, 24, 1.652
42, 32, 1.143
23, 6, 2.230
6, 58, 3.667
45, 21, 2.083
10, 9, 2.192
13, 44, 1.737
35, 3, 2.486
60, 9, 1.000
25, 25, 1.770
63, 12, 3.500
11, 26, 1.885
50, 51, 1.000
14, 53, 1.333
1, 0, 4.372
39, 23, 1.667
4, 11, 2.687
29, 29, 1.473
54, 15, 1.000
19, 27, 1.790
2, 33, 2.968
41, 10, 1.615
22, 36, 1.761
5, 20, 2.447
27, 43, 1.500
66, 2, 1.000
47, 36, 1.000
30, 36, 1.568
17, 17, 1.891
59, 33, 1.000
42, 43, 2.667
23, 31, 1.707
6, 61, 1.500
45, 14, 1.167
10, 48, 1.875
32, 13, 1.868
13, 37, 1.642
35, 8, 2.028
18, 48, 1.300
60, 0, 2.000
11, 19, 1.961
50, 42, 1.000
14, 60, 4.500
18, 67, 1.000
1, 25, 3.856
39, 12, 1.402
26, 3, 2.867
48, 28, 4.000
29, 22, 1.681
15, 39, 1.586
54, 6, 3.000
19, 32, 1.859
5, 29, 2.414
27, 32, 1.516
30, 47, 1.000
34, 50, 1.000
17, 10, 2.157
20, 1, 3.490
24, 68, 1.500
23, 20, 1.742
6, 52, 1.000
45, 7, 1.625
10, 59, 2.000
32, 4, 2.298
31, 52, 1.000
18, 43, 2.286
38, 46, 1.000
11, 8, 2.374
50, 37, 1.000
14, 7, 2.342
36, 16, 1.594
1, 18, 3.521
39, 5, 2.226
26, 10, 1.807
48, 19, 1.500
15, 44, 1.154
19, 41, 1.622
2, 51, 4.000
22, 54, 1.500
5, 6, 2.641
9, 67, 1.000
66, 20, 2.000
47, 42, 2.000
30, 22, 1.498
52, 39, 1.000
17, 3, 2.966
20, 8, 2.163
3, 48, 1.400
42, 29, 1.286
23, 45, 1.125
6, 47, 1.800
45, 0, 2.611
10, 34, 1.684
32, 27, 1.341
25, 67, 6.000
18, 34, 1.880
57, 5, 1.000
38, 33, 2.857
3, 65, 4.400
60, 22, 1.000
8, 20, 2.157
11, 1, 3.381
14, 14, 2.015
36, 31, 1.333
39, 2, 2.312
26, 21, 1.621
48, 10, 1.875
51, 7, 1.833
15, 53, 2.000
19, 46, 1.556
2, 10, 3.126
24, 35, 1.768
5, 15, 2.662
9, 68, 1.143
30, 25, 1.523
17, 4, 2.643
20, 23, 1.709
3, 57, 1.000
42, 4, 2.944
23, 42, 1.688
6, 38, 2.418
10, 45, 2.000
67, 20, 1.000
32, 18, 1.570
18, 29, 1.638
57, 14, 1.000
8, 27, 1.968
7, 61, 1.000
11, 6, 2.462
14, 17, 2.015
36, 6, 2.100
61, 10, 1.000
26, 28, 1.575
48, 1, 9.000
12, 31, 1.784
51, 12, 2.000
15, 50, 2.000
2, 5, 2.956
24, 42, 1.647
5, 8, 2.664
10, 69, 1.000
30, 0, 5.665
52, 53, 1.000
55, 8, 1.000
20, 30, 1.794
3, 62, 2.500
42, 15, 1.529
23, 35, 1.529
6, 25, 2.248
28, 46, 6.000
67, 29, 1.500
32, 41, 1.286
31, 35, 1.719
35, 36, 1.333
18, 20, 1.864
57, 23, 1.000
60, 36, 1.000
43, 36, 1.571
8, 2, 3.025
7, 58, 3.000
11, 63, 2.000
33, 14, 1.747
14, 24, 1.809
36, 13, 2.061
61, 3, 1.333
12, 22, 1.890
51, 21, 1.667
15, 59, 1.000
2, 28, 3.093
24, 49, 2.000
27, 12, 1.819
30, 11, 2.018
0, 42, 5.094
55, 1, 1.000
20, 37, 1.551
3, 39, 3.012
6, 16, 2.429
28, 37, 1.439
32, 32, 1.821
13, 66, 1.250
35, 45, 1.000
18, 15, 1.939
57, 24, 1.000
40, 32, 1.000
21, 2, 2.993
43, 29, 1.667
8, 9, 2.321
7, 51, 2.000
11, 52, 2.500
33, 7, 2.108
16, 57, 1.000
36, 52, 2.000
39, 41, 1.500
7, 64, 2.000
12, 13, 2.080
15, 0, 6.273
37, 19, 1.670
2, 23, 3.195
27, 5, 2.353
49, 16, 3.000
0, 33, 5.410
20, 44, 1.188
3, 44, 2.000
13, 65, 1.000
6, 11, 2.467
67, 11, 1.333
32, 39, 1.538
31, 17, 1.779
53, 36, 1.000
18, 6, 2.354
57, 33, 1.000
40, 39, 1.750
21, 11, 1.975
43, 18, 2.286
8, 48, 1.400
7, 40, 2.064
11, 45, 1.579
33, 24, 1.836
16, 48, 1.125
58, 0, 1.000
39, 38, 1.429
61, 21, 3.000
9, 23, 2.091
12, 4, 2.719
15, 9, 2.049
37, 28, 1.500
20, 68, 1.667
27, 26, 1.517
49, 9, 2.364
0, 56, 1.000
20, 43, 1.333
3, 21, 2.819
25, 32, 1.938
6, 2, 2.994
64, 5, 3.500
28, 59, 2.000
31, 30, 1.403
14, 66, 1.200
18, 1, 3.523
40, 46, 1.000
21, 20, 1.823
4, 60, 2.000
43, 11, 1.774
7, 33, 2.064
46, 4, 3.167
11, 34, 1.966
68, 17, 1.000
33, 17, 1.727
58, 11, 2.000
44, 42, 1.000
9, 24, 2.030
12, 3, 2.834
15, 22, 1.802
37, 5, 2.197
20, 67, 1.000
24, 6, 2.365
27, 19, 1.774
49, 2, 8.600
13, 28, 1.704
52, 9, 1.000
0, 63, 3.429
3, 26, 2.844
25, 41, 1.480
6, 5, 2.651
28, 50, 1.333
25, 68, 1.000
14, 69, 1.000
40, 21, 1.452
21, 29, 1.731
43, 0, 4.784
8, 62, 2.400
7, 30, 2.282
46, 15, 1.462
29, 45, 1.000
68, 24, 1.400
33, 42, 2.143
16, 46, 2.778
36, 33, 1.316
58, 18, 1.000
44, 33, 2.250
9, 1, 3.450
48, 36, 1.333
12, 58, 2.333
34, 11, 2.008
15, 31, 1.703
37, 14, 1.485
24, 13, 1.801
13, 21, 1.848
52, 16, 1.500
3, 3, 2.839
25, 50, 1.000
64, 19, 1.000
28, 9, 1.919
31, 12, 1.767
1, 41, 2.600
40, 28, 1.300
21, 38, 1.380
4, 34, 2.589
8, 37, 1.960
7, 23, 2.309
46, 22, 1.375
29, 38, 1.286
68, 7, 1.200
33, 35, 1.571
16, 37, 1.500
36, 40, 1.923
37, 18, 1.563
58, 29, 1.000
41, 35, 2.000
22, 15, 1.791
44, 24, 1.364
9, 10, 2.187
12, 49, 2.200
34, 2, 3.192
17, 58, 1.500
24, 20, 1.834
62, 1, 14.000
13, 14, 2.153
23, 59, 1.000
0, 13, 6.249
38, 30, 1.667
3, 8, 2.920
25, 59, 1.500
28, 0, 5.719
50, 21, 1.000
1, 34, 2.710
40, 3, 2.294
21, 47, 3.125
4, 41, 4.653
8, 44, 1.714
7, 12, 2.331
65, 13, 1.000
46, 25, 1.833
68, 14, 1.000
33, 36, 2.136
16, 28, 1.820
41, 36, 1.200
22, 6, 2.333
5, 54, 1.500
44, 23, 1.444
9, 51, 1.375
12, 40, 1.923
34, 29, 1.400
17, 51, 2.000
37, 48, 1.000
59, 15, 1.000
24, 27, 1.743
62, 8, 2.400
10, 18, 2.042
49, 53, 1.000
13, 7, 2.439
0, 4, 4.901
38, 17, 1.632
8, 68, 1.750
28, 31, 1.583
50, 12, 2.333
1, 59, 5.000
40, 10, 1.576
21, 40, 1.576
4, 16, 2.760
26, 37, 1.365
7, 5, 2.647
65, 6, 1.750
46, 32, 1.000
16, 19, 1.869
54, 32, 1.000
58, 47, 1.000
41, 45, 1.000
22, 25, 1.656
5, 63, 7.667
44, 14, 1.286
9, 52, 2.500
47, 3, 2.100
12, 39, 1.651
34, 20, 1.767
17, 52, 1.000
42, 52, 1.000
5, 64, 3.500
45, 41, 1.000
10, 29, 1.817
13, 0, 6.287
0, 27, 5.849
38, 8, 1.893
25, 5, 2.593
63, 16, 1.000
28, 22, 1.794
50, 7, 1.375
14, 33, 1.762
53, 10, 1.000
1, 60, 2.000
21, 49, 1.000
4, 31, 2.400
26, 44, 1.000
7, 2, 3.170
46, 43, 1.000
16, 10, 2.050
19, 7, 2.213
41, 22, 1.625
22, 16, 1.813
5, 56, 1.000
44, 5, 3.143
47, 8, 1.444
30, 48, 2.333
34, 47, 1.000
17, 45, 1.077
56, 0, 1.000
37, 34, 1.188
59, 29, 1.000
45, 34, 1.500
10, 4, 2.676
35, 20, 1.788
0, 18, 6.166
38, 3, 2.268
17, 26, 1.591
25, 14, 1.801
63, 25, 1.667
14, 40, 1.859
21, 58, 1.000
4, 6, 2.734
65, 16, 2.000
29, 10, 1.805
16, 1, 3.466
19, 12, 1.958
2, 44, 2.714
41, 31, 1.786
22, 43, 1.955
5, 33, 2.468
9, 38, 2.177
47, 17, 1.000
30, 59, 1.000
69, 4, 1.000
34, 38, 1.250
17, 38, 1.667
56, 7, 1.000
37, 43, 2.000
59, 18, 2.000
23, 8, 2.014
6, 64, 1.667
45, 27, 2.833
10, 15, 2.104
13, 50, 1.250
35, 29, 1.902
18, 63, 5.000
25, 23, 1.587
63, 6, 6.167
14, 51, 2.333
1, 14, 3.666
39, 25, 1.400
4, 13, 2.739
29, 3, 3.124
51, 42, 1.000
11, 68, 1.250
19, 21, 1.779
2, 39, 2.500
41, 0, 3.680
22, 34, 1.653
5, 42, 2.500
9, 47, 1.357
66, 8, 2.375
47, 30, 1.000
30, 34, 1.769
69, 13, 1.000
34, 33, 1.767
17, 31, 1.721
42, 33, 2.143
23, 1, 3.474
6, 59, 1.000
45, 20, 1.625
13, 43, 1.375
35, 2, 2.669
60, 10, 1.000
25, 24, 1.669
63, 15, 5.000
11, 29, 1.777
1, 7, 3.348
39, 22, 1.423
29, 28, 1.480
54, 12, 1.000
19, 26, 1.652
2, 62, 5.000
41, 9, 1.694
22, 37, 1.597
5, 19, 2.482
27, 42, 1.400
66, 3, 1.000
30, 37, 2.154
17, 16, 1.956
55, 39, 2.000
42, 40, 1.333
23, 30, 1.646
6, 50, 1.200
45, 13, 1.133
10, 49, 1.000
32, 14, 1.671
13, 36, 1.954
35, 11, 2.105
18, 49, 2.333
60, 1, 2.000
11, 18, 1.996
14, 61, 2.000
18, 64, 2.000
1, 24, 3.733
39, 15, 1.577
26, 0, 5.805
48, 29, 1.000
29, 21, 1.831
15, 38, 1.740
54, 7, 1.667
19, 35, 1.615
22, 60, 1.000
5, 28, 2.408
27, 35, 1.404
66, 26, 1.333
30, 44, 1.000
17, 9, 2.187
20, 2, 3.206
42, 19, 1.378
23, 23, 1.484
6, 53, 1.333
45, 6, 2.824
10, 56, 1.500
32, 5, 2.382
35, 48, 1.000
18, 40, 1.760
57, 3, 1.000
11, 11, 2.072
50, 34, 1.000
14, 4, 2.830
36, 17, 1.816
1, 17, 3.519
39, 4, 2.765
22, 68, 1.333
26, 11, 1.880
48, 20, 1.800
51, 1, 1.000
15, 47, 1.000
54, 30, 2.000
19, 40, 1.553
2, 48, 2.000
22, 55, 1.000
5, 5, 2.698
9, 66, 4.444
66, 21, 1.000
30, 23, 1.528
17, 2, 3.059
20, 9, 2.119
3, 51, 1.000
42, 26, 1.545
25, 66, 2.000
6, 44, 1.476
10, 35, 1.793
32, 28, 1.529
18, 35, 1.643
38, 38, 1.000
3, 64, 3.333
43, 41, 1.000
8, 21, 2.123
11, 0, 6.129
14, 15, 2.044
36, 24, 1.655
26, 18, 1.667
48, 11, 1.286
51, 6, 1.000
15, 52, 1.000
54, 17, 1.000
19, 49, 1.083
2, 11, 3.242
24, 36, 1.911
5, 14, 2.637
27, 49, 1.667
47, 50, 1.000
30, 30, 1.469
52, 47, 1.000
20, 16, 1.902
3, 56, 1.000
42, 5, 2.531
23, 37, 1.635
6, 39, 2.263
10, 42, 1.450
32, 19, 1.967
31, 37, 1.680
18, 26, 1.669
43, 46, 1.000
8, 28, 2.032
7, 60, 2.000
11, 57, 7.000
14, 22, 1.827
36, 7, 2.170
26, 29, 1.428
48, 2, 2.000
12, 24, 1.742
51, 15, 1.000
15, 61, 4.333
2, 2, 3.104
24, 43, 2.429
27, 54, 1.000
10, 66, 2.000
30, 1, 3.651
55, 11, 1.000
20, 31, 1.813
3, 33, 2.863
42, 12, 1.673
23, 34, 1.407
6, 30, 2.191
28, 47, 1.200
32, 42, 1.200
31, 34, 1.667
35, 39, 1.333
18, 21, 1.875
4, 64, 2.000
43, 39, 1.250
8, 3, 2.924
7, 53, 1.500
68, 37, 1.000
33, 13, 1.876
14, 25, 1.775
36, 14, 1.591
39, 51, 1.000
12, 23, 1.849
51, 20, 1.000
15, 58, 1.500
19, 63, 1.250
2, 29, 3.287
24, 50, 1.333
27, 15, 1.601
30, 8, 2.251
0, 43, 4.946
55, 0, 4.000
20, 38, 1.390
3, 38, 2.488
31, 40, 1.182
6, 17, 2.376
64, 8, 4.000
28, 38, 1.548
67, 5, 1.000
32, 33, 1.455
31, 43, 1.000
35, 44, 1.000
18, 12, 1.953
40, 33, 1.429
21, 1, 3.649
43, 28, 1.273
8, 10, 2.265
7, 50, 1.333
11, 55, 1.000
68, 44, 1.000
33, 6, 2.157
16, 58, 1.000
36, 53, 1.333
58, 6, 3.000
39, 40, 1.750
44, 53, 1.000
7, 67, 2.500
12, 14, 2.088
15, 3, 2.718
19, 68, 1.000
2, 20, 3.184
24, 57, 1.000
27, 4, 2.655
49, 23, 2.000
52, 4, 1.000
0, 34, 4.751
20, 45, 1.625
3, 47, 2.000
23, 48, 1.000
6, 8, 2.526
64, 15, 1.333
67, 10, 1.750
31, 16, 1.729
18, 7, 2.357
40, 40, 2.000
21, 10, 1.980
43, 21, 1.737
8, 49, 1.533
7, 43, 2.306
46, 2, 2.667
11, 44, 1.690
33, 31, 1.660
16, 49, 3.000
36, 60, 1.000
58, 1, 5.000
39, 33, 1.600
44, 44, 2.000
9, 22, 2.031
12, 5, 2.608
16, 64, 1.000
15, 8, 2.276
37, 27, 1.390
20, 69, 1.000
24, 0, 6.075
27, 29, 1.383
49, 8, 1.267
52, 3, 11.000
0, 57, 4.500
55, 22, 1.000
20, 52, 1.500
3, 20, 2.794
25, 39, 1.476
6, 3, 2.895
64, 6, 1.667
25, 69, 1.000
14, 67, 1.000
53, 44, 1.000
40, 47, 1.000
21, 19, 1.791
4, 61, 1.000
43, 10, 1.381
8, 56, 1.000
7, 32, 2.337
46, 5, 2.053
11, 37, 1.848
68, 18, 1.000
33, 16, 1.773
16, 40, 1.519
41, 48, 1.000
44, 43, 1.000
9, 31, 2.008
12, 60, 2.667
15, 17, 1.924
37, 4, 2.221
24, 7, 2.100
27, 18, 1.755
49, 1, 1.000
13, 27, 1.741
52, 10, 1.000
0, 48, 3.800
20, 51, 1.000
3, 29, 2.994
25, 40, 1.267
28, 51, 1.000
